3.333333333333333148e-01
5.599999999999999645e+00
1.000000000000000000e+01
1.200000000000000000e+01
1.200000000000000000e+01
1.419999999999999929e+01
2.725000000000000000e+01
3.075000000000000000e+01
3.200000000000000000e+01
4.600000000000000000e+01
4.625000000000000000e+01
5.116666666666666430e+01
5.800000000000000000e+01
6.300000000000000000e+01
8.600000000000000000e+01
8.550000000000000000e+01
8.625000000000000000e+01
9.900000000000000000e+01
1.006666666666666714e+02
1.020000000000000000e+02
1.030000000000000000e+02
1.045999999999999943e+02
1.060000000000000000e+02
1.060000000000000000e+02
1.485000000000000000e+02
1.580000000000000000e+02
1.720000000000000000e+02
1.920000000000000000e+02
1.930000000000000000e+02
2.040000000000000000e+02
2.036666666666666572e+02
2.050000000000000000e+02
2.052500000000000000e+02
2.140000000000000000e+02
2.170000000000000000e+02
2.280000000000000000e+02
2.310000000000000000e+02
2.330000000000000000e+02
2.340000000000000000e+02
2.435000000000000000e+02
2.465000000000000000e+02
2.464000000000000057e+02
2.477500000000000000e+02
2.476666666666666572e+02
2.503333333333333428e+02
2.528333333333333428e+02
2.525000000000000000e+02
2.533333333333333428e+02
2.707115687659614878e+01
2.915777318915388605e+01
8.549641362821276402e+01
2.447747921534532338e+02
2.496435635494212875e+02
9.940718904526431743e+01
1.021893441286746338e+02
