1.000000000000000000e+01
1.200000000000000000e+01
1.200000000000000000e+01
1.300000000000000000e+01
1.800000000000000000e+01
1.900000000000000000e+01
2.733333333333333215e+01
3.025000000000000000e+01
3.200000000000000000e+01
3.300000000000000000e+01
4.575000000000000000e+01
4.600000000000000000e+01
5.083333333333333570e+01
5.800000000000000000e+01
6.300000000000000000e+01
8.500000000000000000e+01
8.600000000000000000e+01
8.600000000000000000e+01
8.600000000000000000e+01
8.700000000000000000e+01
9.850000000000000000e+01
9.933333333333332860e+01
9.933333333333332860e+01
1.010000000000000000e+02
1.010000000000000000e+02
1.042000000000000028e+02
1.050000000000000000e+02
1.480000000000000000e+02
1.580000000000000000e+02
1.720000000000000000e+02
1.930000000000000000e+02
1.922500000000000000e+02
2.050000000000000000e+02
2.050000000000000000e+02
2.060000000000000000e+02
2.133333333333333428e+02
2.180000000000000000e+02
2.240000000000000000e+02
2.280000000000000000e+02
2.310000000000000000e+02
2.317500000000000000e+02
2.340000000000000000e+02
2.335000000000000000e+02
2.442500000000000000e+02
2.450000000000000000e+02
2.480000000000000000e+02
2.507500000000000000e+02
2.511666666666666572e+02
2.510000000000000000e+02
2.520000000000000000e+02
2.526666666666666572e+02
2.533333333333333428e+02
2.454703309243058129e+02
2.440792533826006547e+02
2.482524860077161293e+02
1.042759604412323711e+02
1.049714992120849502e+02
9.871165027441176676e+01
1.021893441286746338e+02
1.056670379829375293e+02
