1.500000000000000000e+00
1.000000000000000000e+00
6.000000000000000000e+00
1.000000000000000000e+01
1.200000000000000000e+01
1.800000000000000000e+01
2.700000000000000000e+01
2.800000000000000000e+01
2.800000000000000000e+01
2.833333333333333215e+01
3.300000000000000000e+01
3.333333333333333570e+01
4.600000000000000000e+01
5.039999999999999858e+01
5.800000000000000000e+01
6.300000000000000000e+01
8.500000000000000000e+01
8.600000000000000000e+01
8.575000000000000000e+01
8.600000000000000000e+01
8.600000000000000000e+01
9.925000000000000000e+01
1.010000000000000000e+02
1.010000000000000000e+02
1.027500000000000000e+02
1.035000000000000000e+02
1.056666666666666714e+02
1.061666666666666714e+02
1.060000000000000000e+02
1.055000000000000000e+02
1.354000000000000057e+02
1.480000000000000000e+02
1.580000000000000000e+02
1.720000000000000000e+02
1.920000000000000000e+02
1.920000000000000000e+02
1.915000000000000000e+02
2.050000000000000000e+02
2.065000000000000000e+02
2.100000000000000000e+02
2.180000000000000000e+02
2.240000000000000000e+02
2.280000000000000000e+02
2.312500000000000000e+02
2.320000000000000000e+02
2.340000000000000000e+02
2.354000000000000057e+02
2.448000000000000114e+02
2.501999999999999886e+02
2.494000000000000057e+02
2.510000000000000000e+02
2.520000000000000000e+02
2.530000000000000000e+02
2.536666666666666572e+02
1.049714992120849502e+02
9.871165027441176676e+01
1.001027278161168965e+02
9.801611150355918767e+01
2.503391023202738666e+02
2.440792533826006547e+02
2.510346410911264456e+02
2.433837146117480756e+02
2.447747921534532338e+02
4.515516491876320515e+01
1.246484268869204470e+01
