0.000000000000000000e+00
2.500000000000000000e-01
0.000000000000000000e+00
1.333333333333333259e+00
4.200000000000000178e+00
1.000000000000000000e+01
1.300000000000000000e+01
1.850000000000000000e+01
2.500000000000000000e+01
2.614285714285714235e+01
2.833333333333333215e+01
2.900000000000000000e+01
3.300000000000000000e+01
4.600000000000000000e+01
4.700000000000000000e+01
5.225000000000000000e+01
5.800000000000000000e+01
6.033333333333333570e+01
8.466666666666667140e+01
8.500000000000000000e+01
8.600000000000000000e+01
8.616666666666667140e+01
8.700000000000000000e+01
9.875000000000000000e+01
1.010000000000000000e+02
1.024000000000000057e+02
1.053333333333333286e+02
1.057500000000000000e+02
1.050000000000000000e+02
1.064000000000000057e+02
1.350000000000000000e+02
1.480000000000000000e+02
1.580000000000000000e+02
1.725000000000000000e+02
1.910000000000000000e+02
1.914000000000000057e+02
2.030000000000000000e+02
2.040000000000000000e+02
2.090000000000000000e+02
2.190000000000000000e+02
2.213333333333333428e+02
2.240000000000000000e+02
2.235000000000000000e+02
2.280000000000000000e+02
2.310000000000000000e+02
2.330000000000000000e+02
2.340000000000000000e+02
2.430000000000000000e+02
2.435000000000000000e+02
2.440000000000000000e+02
2.443333333333333428e+02
2.490000000000000000e+02
2.490000000000000000e+02
2.500000000000000000e+02
2.500000000000000000e+02
2.502500000000000000e+02
1.007982665869694756e+02
1.021893441286746338e+02
9.801611150355918767e+01
9.801611150355918767e+01
2.568007933489099059e+01
1.176930391783946561e+01
2.489480247785687084e+02
2.489480247785687084e+02
2.517301798619789963e+02
2.433837146117480756e+02
2.524257186328315754e+02
