1.000000000000000000e+00
0.000000000000000000e+00
1.333333333333333259e+00
2.166666666666666519e+00
1.000000000000000000e+01
1.200000000000000000e+01
1.300000000000000000e+01
1.800000000000000000e+01
2.639999999999999858e+01
2.850000000000000000e+01
3.100000000000000000e+01
3.100000000000000000e+01
3.400000000000000000e+01
3.466666666666666430e+01
4.639999999999999858e+01
4.733333333333333570e+01
5.200000000000000000e+01
5.800000000000000000e+01
6.000000000000000000e+01
7.600000000000000000e+01
8.583333333333332860e+01
8.600000000000000000e+01
1.000000000000000000e+02
9.940000000000000568e+01
1.010000000000000000e+02
1.010000000000000000e+02
1.020000000000000000e+02
1.042857142857142918e+02
1.050000000000000000e+02
1.350000000000000000e+02
1.480000000000000000e+02
1.583333333333333428e+02
1.730000000000000000e+02
1.913333333333333428e+02
1.920000000000000000e+02
1.960000000000000000e+02
2.050000000000000000e+02
2.110000000000000000e+02
2.162500000000000000e+02
2.240000000000000000e+02
2.260000000000000000e+02
2.280000000000000000e+02
2.310000000000000000e+02
2.323333333333333428e+02
2.340000000000000000e+02
2.375000000000000000e+02
2.420000000000000000e+02
2.445999999999999943e+02
2.470000000000000000e+02
2.482857142857142776e+02
2.488750000000000000e+02
2.510000000000000000e+02
2.513333333333333428e+02
2.520000000000000000e+02
2.513333333333333428e+02
1.007982665869694756e+02
9.801611150355918767e+01
9.940718904526431743e+01
9.940718904526431743e+01
8.619195239906534312e+01
8.480087485736018493e+01
2.454703309243058129e+02
2.419926370700429175e+02
2.461658696951583920e+02
2.461658696951583920e+02
2.489480247785687084e+02
2.433837146117480756e+02
