0.000000000000000000e+00
1.000000000000000000e+01
1.200000000000000000e+01
1.225000000000000000e+01
1.716666666666666785e+01
2.539999999999999858e+01
2.600000000000000000e+01
2.733333333333333215e+01
3.100000000000000000e+01
3.316666666666666430e+01
4.300000000000000000e+01
4.625000000000000000e+01
4.700000000000000000e+01
5.100000000000000000e+01
5.200000000000000000e+01
5.800000000000000000e+01
5.900000000000000000e+01
6.400000000000000000e+01
8.350000000000000000e+01
8.575000000000000000e+01
8.500000000000000000e+01
8.625000000000000000e+01
9.700000000000000000e+01
9.900000000000000000e+01
9.900000000000000000e+01
1.002000000000000028e+02
1.000000000000000000e+02
1.000000000000000000e+02
1.000000000000000000e+02
1.010000000000000000e+02
1.020000000000000000e+02
1.356666666666666572e+02
1.480000000000000000e+02
1.580000000000000000e+02
1.730000000000000000e+02
1.910000000000000000e+02
1.912500000000000000e+02
1.926666666666666572e+02
2.170000000000000000e+02
2.180000000000000000e+02
2.187500000000000000e+02
2.240000000000000000e+02
2.280000000000000000e+02
2.300000000000000000e+02
2.310000000000000000e+02
2.320000000000000000e+02
2.340000000000000000e+02
2.383333333333333428e+02
2.453333333333333428e+02
2.461999999999999886e+02
2.488000000000000114e+02
2.496666666666666572e+02
2.507500000000000000e+02
2.535000000000000000e+02
1.042759604412323711e+02
1.070581155246426874e+02
1.049714992120849502e+02
2.468614084660109711e+02
2.440792533826006547e+02
2.489480247785687084e+02
2.461658696951583920e+02
2.468614084660109711e+02
2.517301798619789963e+02
2.510346410911264456e+02
2.433837146117480756e+02
2.433837146117480756e+02
2.496435635494212875e+02
