0.000000000000000000e+00
5.000000000000000000e-01
1.000000000000000000e+01
1.200000000000000000e+01
1.325000000000000000e+01
1.800000000000000000e+01
2.400000000000000000e+01
2.700000000000000000e+01
3.000000000000000000e+01
3.333333333333333570e+01
4.700000000000000000e+01
4.700000000000000000e+01
4.766666666666666430e+01
5.200000000000000000e+01
5.800000000000000000e+01
5.833333333333333570e+01
6.000000000000000000e+01
7.275000000000000000e+01
8.566666666666667140e+01
8.566666666666667140e+01
9.900000000000000000e+01
9.900000000000000000e+01
9.950000000000000000e+01
1.000000000000000000e+02
1.002500000000000000e+02
1.004000000000000057e+02
1.010000000000000000e+02
1.060000000000000000e+02
1.060000000000000000e+02
1.080000000000000000e+02
1.361999999999999886e+02
1.440000000000000000e+02
1.445000000000000000e+02
1.480000000000000000e+02
1.580000000000000000e+02
1.736666666666666572e+02
1.860000000000000000e+02
1.922500000000000000e+02
1.927500000000000000e+02
2.156666666666666572e+02
2.180000000000000000e+02
2.175000000000000000e+02
2.192500000000000000e+02
2.242500000000000000e+02
2.280000000000000000e+02
2.310000000000000000e+02
2.305000000000000000e+02
2.333333333333333428e+02
2.340000000000000000e+02
2.355000000000000000e+02
2.355000000000000000e+02
2.430000000000000000e+02
2.450000000000000000e+02
2.455000000000000000e+02
2.470000000000000000e+02
2.465000000000000000e+02
2.485000000000000000e+02
2.493333333333333428e+02
2.505000000000000000e+02
2.530000000000000000e+02
2.530000000000000000e+02
2.385149432157800220e+02
2.440792533826006547e+02
2.475569472368635502e+02
2.447747921534532338e+02
2.475569472368635502e+02
8.688749116991792221e+01
1.042759604412323711e+02
1.063625767537901083e+02
2.637561810574356969e+01
