5.000000000000000000e-01
5.000000000000000000e-01
3.333333333333333148e-01
1.000000000000000000e+01
1.200000000000000000e+01
2.900000000000000000e+01
2.966666666666666785e+01
3.250000000000000000e+01
4.700000000000000000e+01
5.200000000000000000e+01
5.800000000000000000e+01
5.883333333333333570e+01
6.600000000000000000e+01
8.150000000000000000e+01
8.500000000000000000e+01
8.600000000000000000e+01
8.700000000000000000e+01
9.825000000000000000e+01
9.900000000000000000e+01
9.900000000000000000e+01
1.010000000000000000e+02
1.020000000000000000e+02
1.043333333333333286e+02
1.065000000000000000e+02
1.071250000000000000e+02
1.063333333333333286e+02
1.360000000000000000e+02
1.450000000000000000e+02
1.450000000000000000e+02
1.480000000000000000e+02
1.580000000000000000e+02
1.700000000000000000e+02
1.740000000000000000e+02
1.850000000000000000e+02
1.920000000000000000e+02
2.070000000000000000e+02
2.090000000000000000e+02
2.183333333333333428e+02
2.200000000000000000e+02
2.200000000000000000e+02
2.247500000000000000e+02
2.280000000000000000e+02
2.310000000000000000e+02
2.328333333333333428e+02
2.340000000000000000e+02
2.340000000000000000e+02
2.374000000000000057e+02
2.380000000000000000e+02
2.385000000000000000e+02
2.440000000000000000e+02
2.450000000000000000e+02
2.455999999999999943e+02
2.460000000000000000e+02
2.480000000000000000e+02
2.483333333333333428e+02
2.495000000000000000e+02
2.510000000000000000e+02
2.513333333333333428e+02
2.525000000000000000e+02
2.183443188610552284e+02
2.176487800902026493e+02
2.496435635494212875e+02
9.940718904526431743e+01
1.021893441286746338e+02
5.350163016899415425e+01
4.028639352279515151e+01
3.541762212682709787e+01
4.515516491876320515e+01
2.637561810574356969e+01
1.176930391783946561e+01
1.733361408466009834e+01
8.549641362821276402e+01
