1.033333333333333286e+02
1.147999999999999972e+02
2.300000000000000000e+02
9.825000000000000000e+01
1.480000000000000000e+02
8.559999999999999432e+01
1.540000000000000000e+02
1.390000000000000000e+02
1.060000000000000000e+02
1.412500000000000000e+02
1.500000000000000000e+02
1.451666666666666572e+02
4.900000000000000000e+01
1.510000000000000000e+02
1.000000000000000000e+00
8.250000000000000000e+01
1.300000000000000000e+01
3.450000000000000000e+01
5.766666666666666430e+01
2.230000000000000000e+02
5.250000000000000000e+00
1.619999999999999929e+01
9.900000000000000000e+01
1.140000000000000000e+02
1.370000000000000000e+02
1.072500000000000000e+02
9.500000000000000000e+01
2.470000000000000000e+02
2.300000000000000000e+02
1.090000000000000000e+02
2.343333333333333428e+02
2.462500000000000000e+02
2.400000000000000000e+02
2.370000000000000000e+02
2.510000000000000000e+02
1.320000000000000000e+02
5.900000000000000000e+01
7.600000000000000000e+01
1.600000000000000000e+01
4.750000000000000000e+01
1.970000000000000000e+02
2.388000000000000114e+02
3.600000000000000000e+01
6.033333333333333570e+01
1.836666666666666572e+02
1.978333333333333428e+02
2.055000000000000000e+02
1.866666666666666785e+01
1.664501711677444007e+02
1.720144813345650334e+02
6.420597185241535954e+01
5.585950660218443886e+01
5.099073520621638522e+01
2.316918437211323578e+01
2.038702928870291942e+01
