2.300000000000000000e+02
9.925000000000000000e+01
1.480000000000000000e+02
8.800000000000000000e+01
8.500000000000000000e+01
8.400000000000000000e+01
1.556666666666666572e+02
1.390000000000000000e+02
1.720000000000000000e+02
1.000000000000000000e+02
1.420000000000000000e+02
1.517500000000000000e+02
1.458333333333333428e+02
4.900000000000000000e+01
1.510000000000000000e+02
6.700000000000000000e+01
1.300000000000000000e+01
5.600000000000000000e+01
8.200000000000000000e+01
2.000000000000000000e+00
2.000000000000000000e+00
3.466666666666666430e+01
2.353333333333333428e+02
5.800000000000000000e+01
2.230000000000000000e+02
5.400000000000000355e+00
1.000000000000000000e+02
1.372500000000000000e+02
1.090000000000000000e+02
9.500000000000000000e+01
2.320000000000000000e+02
2.472500000000000000e+02
2.347500000000000000e+02
1.075000000000000000e+02
2.460000000000000000e+02
2.406666666666666572e+02
2.467500000000000000e+02
1.850000000000000000e+02
1.320000000000000000e+02
5.700000000000000000e+01
7.200000000000000000e+01
1.600000000000000000e+01
7.550000000000000000e+01
1.982500000000000000e+02
4.150000000000000000e+01
6.400000000000000000e+01
1.860000000000000000e+02
1.953333333333333428e+02
2.430000000000000000e+02
2.060000000000000000e+02
3.333333333333333570e+01
2.133333333333333215e+01
5.655504537303701795e+01
4.959965766451122704e+01
5.238181274792154341e+01
1.170669184372113421e+02
1.760487420529260305e+01
2.108256805955549851e+01
2.316918437211323578e+01
2.316918437211323578e+01
