9.950000000000000000e+01
1.220000000000000000e+02
8.600000000000000000e+01
2.300000000000000000e+02
1.470000000000000000e+02
8.600000000000000000e+01
1.710000000000000000e+02
1.810000000000000000e+02
1.525000000000000000e+02
2.546666666666666572e+02
8.500000000000000000e+01
1.383333333333333428e+02
1.530000000000000000e+02
1.458000000000000114e+02
4.900000000000000000e+01
1.550000000000000000e+02
6.800000000000000000e+01
1.750000000000000000e+00
9.750000000000000000e+00
5.500000000000000000e+01
8.000000000000000000e+01
2.357500000000000000e+02
5.900000000000000000e+01
2.230000000000000000e+02
3.200000000000000000e+01
1.600000000000000000e+01
1.066666666666666607e+01
2.266666666666666785e+01
1.010000000000000000e+02
1.165000000000000000e+02
2.521999999999999886e+02
1.370000000000000000e+02
1.110000000000000000e+02
9.600000000000000000e+01
2.270000000000000000e+02
2.370000000000000000e+02
2.500000000000000000e+02
2.320000000000000000e+02
2.515000000000000000e+02
1.050000000000000000e+02
2.410000000000000000e+02
1.850000000000000000e+02
1.320000000000000000e+02
5.800000000000000000e+01
7.250000000000000000e+01
1.600000000000000000e+01
7.620000000000000284e+01
4.139999999999999858e+01
3.439999999999999858e+01
1.961999999999999886e+02
2.080000000000000000e+02
1.860000000000000000e+02
2.200000000000000000e+01
2.370000000000000000e+02
9.119437048307190707e-01
9.953947725914247258e+00
2.038702928870291942e+01
2.595133945552355215e+01
6.351043308156278044e+01
5.516396783133185977e+01
5.099073520621638522e+01
4.820858012280606886e+01
1.984449546269630389e+02
1.414107754170515818e+02
9.898291039504428568e+01
