9.200000000000000000e+01
1.240000000000000000e+02
1.865000000000000000e+02
9.566666666666667140e+01
1.145999999999999943e+02
2.300000000000000000e+02
9.700000000000000000e+01
8.550000000000000000e+01
8.700000000000000000e+01
1.745714285714285836e+02
8.666666666666667140e+01
1.520000000000000000e+02
1.385000000000000000e+02
1.421999999999999886e+02
1.540000000000000000e+02
2.330000000000000000e+02
4.900000000000000000e+01
1.576666666666666572e+02
6.633333333333332860e+01
8.500000000000000000e+01
2.500000000000000000e+00
9.666666666666666075e+00
5.725000000000000000e+01
2.360000000000000000e+02
2.230000000000000000e+02
5.779999999999999716e+01
9.333333333333333925e+00
1.022500000000000000e+02
1.175000000000000000e+02
2.280000000000000071e+01
2.520000000000000000e+02
1.370000000000000000e+02
1.130000000000000000e+02
9.550000000000000000e+01
2.260000000000000000e+02
2.451999999999999886e+02
2.372500000000000000e+02
2.530000000000000000e+02
1.050000000000000000e+02
2.440000000000000000e+02
2.393333333333333428e+02
1.850000000000000000e+02
2.490000000000000000e+02
1.320000000000000000e+02
5.775000000000000000e+01
7.500000000000000000e+01
1.600000000000000000e+01
2.000000000000000000e+02
5.650000000000000000e+01
6.800000000000000000e+01
5.066666666666666430e+01
2.090000000000000000e+02
2.340000000000000000e+02
2.300000000000000000e+01
1.860000000000000000e+02
5.900000000000000000e+01
1.760487420529260305e+01
3.360226593490190794e+01
3.012457208063901248e+01
2.456026191381839396e+01
1.831431016682062989e+02
1.483661631255773727e+02
3.777549856001738249e+01
4.681750258110091067e+01
5.446842906047928068e+01
4.542642503939575249e+01
1.949672607727001434e+02
