1.282500000000000000e+02
1.705000000000000000e+02
1.016666666666666714e+02
1.158333333333333286e+02
2.300000000000000000e+02
1.480000000000000000e+02
9.750000000000000000e+01
8.600000000000000000e+01
1.741999999999999886e+02
2.550000000000000000e+02
1.540000000000000000e+02
1.820000000000000000e+02
1.380000000000000000e+02
8.766666666666667140e+01
1.421999999999999886e+02
1.556666666666666572e+02
2.330000000000000000e+02
4.900000000000000000e+01
1.570000000000000000e+02
8.400000000000000000e+01
8.000000000000000000e+00
6.825000000000000000e+01
1.160000000000000000e+02
2.358000000000000114e+02
3.239999999999999858e+01
2.230000000000000000e+02
5.325000000000000000e+01
2.314285714285714235e+01
1.030000000000000000e+02
2.520000000000000000e+02
1.370000000000000000e+02
1.146666666666666714e+02
9.600000000000000000e+01
2.386666666666666572e+02
2.460000000000000000e+02
2.267500000000000000e+02
2.450000000000000000e+02
1.110000000000000000e+02
2.410000000000000000e+02
1.850000000000000000e+02
2.300000000000000000e+02
1.320000000000000000e+02
6.075000000000000000e+01
7.333333333333332860e+01
1.600000000000000000e+01
7.333333333333332860e+01
2.452500000000000000e+02
2.338000000000000114e+02
6.350000000000000000e+01
5.357142857142856940e+01
1.851250000000000000e+02
2.110000000000000000e+02
6.666666666666666297e-01
1.900000000000000000e+01
4.433333333333333570e+01
1.134502526761940544e+01
1.760487420529260305e+01
2.456026191381839396e+01
2.873349453893385430e+01
5.377289028962670159e+01
5.794612291474217614e+01
7.394351464435146681e+01
4.751304135195348977e+01
3.221118839319674976e+01
4.194873118513285704e+01
1.935761832309949853e+02
1.928806444601424062e+02
