1.005000000000000000e+02
2.300000000000000000e+02
1.477500000000000000e+02
9.600000000000000000e+01
8.516666666666667140e+01
1.551999999999999886e+02
1.690000000000000000e+02
2.546666666666666572e+02
1.410000000000000000e+02
1.851666666666666572e+02
9.400000000000000000e+01
1.420000000000000000e+02
1.590000000000000000e+02
1.460000000000000000e+02
2.330000000000000000e+02
4.900000000000000000e+01
1.620000000000000000e+02
8.700000000000000000e+01
1.100000000000000000e+01
3.000000000000000000e+00
6.950000000000000000e+01
5.600000000000000000e+01
1.750000000000000000e+01
2.360000000000000000e+02
0.000000000000000000e+00
3.660000000000000142e+01
6.100000000000000000e+01
1.180000000000000000e+02
1.250000000000000000e+01
2.230000000000000000e+02
1.030000000000000000e+02
2.523333333333333428e+02
1.380000000000000000e+02
1.150000000000000000e+02
9.600000000000000000e+01
2.400000000000000000e+02
2.240000000000000000e+02
2.493333333333333428e+02
1.100000000000000000e+02
2.160000000000000000e+02
2.480000000000000000e+02
1.850000000000000000e+02
1.320000000000000000e+02
2.340000000000000000e+02
6.200000000000000000e+01
7.500000000000000000e+01
1.600000000000000000e+01
4.483333333333333570e+01
2.536666666666666572e+02
8.940000000000000568e+01
1.835999999999999943e+02
3.516666666666666430e+01
4.000000000000000000e+00
2.115000000000000000e+02
2.595133945552355215e+01
2.316918437211323578e+01
2.038702928870291942e+01
6.211935553985762226e+01
6.072827799815246408e+01
5.794612291474217614e+01
5.307735151877412250e+01
4.890411889365864795e+01
4.612196381024833158e+01
2.595133945552355215e+01
1.928806444601424062e+02
1.859252567516166152e+02
1.921851056892898271e+02
