1.030000000000000000e+02
1.400000000000000000e+02
2.300000000000000000e+02
1.480000000000000000e+02
9.500000000000000000e+01
8.600000000000000000e+01
1.517500000000000000e+02
1.520000000000000000e+02
1.412500000000000000e+02
1.583333333333333428e+02
1.430000000000000000e+02
1.550000000000000000e+02
1.026666666666666714e+02
2.330000000000000000e+02
4.900000000000000000e+01
8.333333333333332860e+01
1.620000000000000000e+02
7.000000000000000000e+00
2.666666666666666519e+00
6.366666666666666430e+01
2.000000000000000000e+00
2.360000000000000000e+02
1.650000000000000000e+01
6.000000000000000000e+01
4.500000000000000000e+01
1.152000000000000028e+02
2.230000000000000000e+02
1.022500000000000000e+02
2.800000000000000000e+01
3.800000000000000000e+01
2.525999999999999943e+02
2.515000000000000000e+02
2.550000000000000000e+02
1.372500000000000000e+02
1.170000000000000000e+02
9.533333333333332860e+01
2.250000000000000000e+02
2.320000000000000000e+02
2.460000000000000000e+02
2.496666666666666572e+02
2.080000000000000000e+02
2.405000000000000000e+02
1.090000000000000000e+02
1.850000000000000000e+02
1.320000000000000000e+02
6.300000000000000000e+01
8.050000000000000000e+01
7.166666666666667140e+01
1.550000000000000000e+01
4.300000000000000000e+01
2.185000000000000000e+02
1.897500000000000000e+02
4.200000000000000000e+01
6.400000000000000000e+01
9.220000000000000284e+01
2.125000000000000000e+02
8.500000000000000000e+00
1.933333333333333428e+02
2.000000000000000000e+01
4.300000000000000000e+01
5.550000000000000000e+01
5.516396783133185977e+01
5.446842906047928068e+01
4.959965766451122704e+01
3.568888224745964521e+01
2.803795576808127521e+01
5.516396783133185977e+01
1.064948649676682635e+01
1.830041297614518214e+01
1.789698690430908243e+02
