1.275000000000000000e+02
1.360000000000000000e+02
1.693333333333333428e+02
2.300000000000000000e+02
1.480000000000000000e+02
1.810000000000000000e+02
1.366666666666666572e+02
1.515000000000000000e+02
1.610000000000000000e+02
2.330000000000000000e+02
4.900000000000000000e+01
1.588333333333333428e+02
4.250000000000000000e+00
6.500000000000000000e+01
6.475000000000000000e+01
4.925000000000000000e+01
1.000000000000000000e+01
5.000000000000000000e+01
1.120000000000000000e+02
2.360000000000000000e+02
2.230000000000000000e+02
9.900000000000000000e+01
3.333333333333333570e+01
1.000000000000000000e+01
2.100000000000000000e+01
4.133333333333333570e+01
2.530000000000000000e+02
2.415000000000000000e+02
2.460000000000000000e+02
1.370000000000000000e+02
1.160000000000000000e+02
0.000000000000000000e+00
9.500000000000000000e+01
2.230000000000000000e+02
2.400000000000000000e+02
2.280000000000000000e+02
2.410000000000000000e+02
1.986666666666666572e+02
3.900000000000000000e+01
2.387500000000000000e+02
1.850000000000000000e+02
1.320000000000000000e+02
7.450000000000000000e+01
8.183333333333332860e+01
1.600000000000000000e+01
5.800000000000000000e+01
5.379999999999999716e+01
2.080000000000000000e+02
1.845000000000000000e+02
9.700000000000000000e+01
6.700000000000000000e+01
9.800000000000000711e+00
2.300000000000000000e+01
4.200000000000000000e+01
2.133333333333333428e+02
1.845000000000000000e+02
1.952500000000000000e+02
6.366666666666666430e+01
4.900000000000000000e+01
1.031561430201597602e+02
1.108070694995381302e+02
1.760487420529260305e+01
1.134502526761940544e+01
1.690933543444002396e+01
9.967844916589686477e+01
1.101115307286855511e+02
1.142847633538010257e+02
1.469750855838722146e+02
1.497572406672825309e+02
9.272306145737110228e+01
8.576767374884531137e+01
5.655504537303701795e+01
