3.400000000000000000e+01
4.300000000000000000e+01
4.325000000000000000e+01
4.800000000000000000e+01
5.700000000000000000e+01
5.700000000000000000e+01
5.800000000000000000e+01
7.000000000000000000e+01
7.050000000000000000e+01
7.059999999999999432e+01
7.171428571428570820e+01
7.100000000000000000e+01
7.300000000000000000e+01
7.379999999999999716e+01
7.500000000000000000e+01
7.900000000000000000e+01
8.800000000000000000e+01
9.066666666666667140e+01
9.150000000000000000e+01
9.300000000000000000e+01
9.325000000000000000e+01
1.050000000000000000e+02
1.045000000000000000e+02
1.050000000000000000e+02
1.050000000000000000e+02
1.060000000000000000e+02
1.075999999999999943e+02
1.075000000000000000e+02
1.080000000000000000e+02
1.100000000000000000e+02
1.100000000000000000e+02
1.120000000000000000e+02
1.183333333333333286e+02
1.207500000000000000e+02
1.371666666666666572e+02
1.390000000000000000e+02
1.398000000000000114e+02
1.400000000000000000e+02
1.411999999999999886e+02
1.412500000000000000e+02
1.427500000000000000e+02
1.450000000000000000e+02
1.446666666666666572e+02
1.485999999999999943e+02
1.518333333333333428e+02
1.530000000000000000e+02
1.543333333333333428e+02
1.600000000000000000e+02
1.645000000000000000e+02
1.641666666666666572e+02
1.655000000000000000e+02
1.662500000000000000e+02
1.663750000000000000e+02
1.674000000000000057e+02
1.672500000000000000e+02
1.683333333333333428e+02
1.800000000000000000e+02
1.928333333333333428e+02
1.980000000000000000e+02
2.140000000000000000e+02
2.150000000000000000e+02
2.180000000000000000e+02
2.180000000000000000e+02
2.185000000000000000e+02
2.200000000000000000e+02
2.240000000000000000e+02
2.240000000000000000e+02
2.246250000000000000e+02
2.243333333333333428e+02
2.320000000000000000e+02
1.202733521708416902e+02
1.244465847959571647e+02
7.436779329457149856e+01
5.628378525240447061e+01
5.697932402325704970e+01
1.682655273596695906e+02
