4.300000000000000000e+01
4.300000000000000000e+01
4.766666666666666430e+01
5.400000000000000000e+01
5.550000000000000000e+01
5.633333333333333570e+01
5.666666666666666430e+01
5.750000000000000000e+01
5.833333333333333570e+01
6.200000000000000000e+01
6.950000000000000000e+01
7.020000000000000284e+01
7.050000000000000000e+01
7.200000000000000000e+01
7.325000000000000000e+01
7.383333333333332860e+01
7.800000000000000000e+01
7.900000000000000000e+01
8.700000000000000000e+01
9.000000000000000000e+01
9.200000000000000000e+01
9.200000000000000000e+01
9.275000000000000000e+01
9.666666666666667140e+01
1.030000000000000000e+02
1.030000000000000000e+02
1.050000000000000000e+02
1.040000000000000000e+02
1.063333333333333286e+02
1.075000000000000000e+02
1.084000000000000057e+02
1.080000000000000000e+02
1.086666666666666714e+02
1.086666666666666714e+02
1.095000000000000000e+02
1.100000000000000000e+02
1.130000000000000000e+02
1.213333333333333286e+02
1.220000000000000000e+02
1.383333333333333428e+02
1.390000000000000000e+02
1.394000000000000057e+02
1.410000000000000000e+02
1.406666666666666572e+02
1.410000000000000000e+02
1.410000000000000000e+02
1.413333333333333428e+02
1.435000000000000000e+02
1.431999999999999886e+02
1.480000000000000000e+02
1.485000000000000000e+02
1.490000000000000000e+02
1.532500000000000000e+02
1.583333333333333428e+02
1.640000000000000000e+02
1.655000000000000000e+02
1.660000000000000000e+02
1.675000000000000000e+02
1.675000000000000000e+02
1.683333333333333428e+02
1.790000000000000000e+02
1.923333333333333428e+02
1.982500000000000000e+02
2.160000000000000000e+02
2.172500000000000000e+02
2.183333333333333428e+02
2.200000000000000000e+02
2.190000000000000000e+02
2.220000000000000000e+02
2.215000000000000000e+02
2.232857142857142776e+02
2.220000000000000000e+02
2.220000000000000000e+02
2.240000000000000000e+02
2.240000000000000000e+02
2.323333333333333428e+02
1.654833722762592743e+02
1.661789110471118533e+02
1.647878335054066952e+02
1.633967559637015370e+02
7.367225452371891947e+01
