4.300000000000000000e+01
4.333333333333333570e+01
4.800000000000000000e+01
5.466666666666666430e+01
5.575000000000000000e+01
5.775000000000000000e+01
6.850000000000000000e+01
7.100000000000000000e+01
7.140000000000000568e+01
7.200000000000000000e+01
7.300000000000000000e+01
7.400000000000000000e+01
7.720000000000000284e+01
8.700000000000000000e+01
8.900000000000000000e+01
9.200000000000000000e+01
9.300000000000000000e+01
9.400000000000000000e+01
9.800000000000000000e+01
9.950000000000000000e+01
1.030000000000000000e+02
1.057999999999999972e+02
1.070000000000000000e+02
1.065000000000000000e+02
1.080000000000000000e+02
1.080000000000000000e+02
1.082500000000000000e+02
1.095000000000000000e+02
1.093333333333333286e+02
1.210000000000000000e+02
1.210000000000000000e+02
1.310000000000000000e+02
1.385000000000000000e+02
1.390000000000000000e+02
1.400000000000000000e+02
1.400000000000000000e+02
1.407500000000000000e+02
1.415000000000000000e+02
1.435000000000000000e+02
1.440000000000000000e+02
1.472500000000000000e+02
1.495000000000000000e+02
1.513333333333333428e+02
1.515000000000000000e+02
1.543333333333333428e+02
1.565999999999999943e+02
1.637500000000000000e+02
1.651999999999999886e+02
1.643333333333333428e+02
1.660000000000000000e+02
1.655999999999999943e+02
1.663333333333333428e+02
1.670000000000000000e+02
1.680000000000000000e+02
1.690000000000000000e+02
1.720000000000000000e+02
1.810000000000000000e+02
1.920000000000000000e+02
1.960000000000000000e+02
2.150000000000000000e+02
2.197500000000000000e+02
2.205999999999999943e+02
2.215000000000000000e+02
2.231666666666666572e+02
2.236666666666666572e+02
2.325000000000000000e+02
1.654833722762592743e+02
1.397484377547138763e+02
6.184809541922510334e+01
5.697932402325704970e+01
2.169532413193500702e+02
2.232130902570232820e+02
2.190398576319078074e+02
2.204309351736129656e+02
2.176487800902026493e+02
2.190398576319078074e+02
7.019456066945602402e+01
5.489270771069931243e+01
