7.000000000000000000e+00
4.228571428571428470e+01
4.333333333333333570e+01
4.800000000000000000e+01
5.533333333333333570e+01
5.566666666666666430e+01
5.650000000000000000e+01
5.766666666666666430e+01
5.966666666666666430e+01
6.166666666666666430e+01
7.000000000000000000e+01
6.966666666666667140e+01
7.059999999999999432e+01
7.200000000000000000e+01
7.275000000000000000e+01
7.379999999999999716e+01
7.733333333333332860e+01
8.800000000000000000e+01
8.833333333333332860e+01
9.200000000000000000e+01
9.225000000000000000e+01
9.420000000000000284e+01
9.850000000000000000e+01
1.030000000000000000e+02
1.020000000000000000e+02
1.050000000000000000e+02
1.070000000000000000e+02
1.092000000000000028e+02
1.084000000000000057e+02
1.092500000000000000e+02
1.100000000000000000e+02
1.196666666666666714e+02
1.212500000000000000e+02
1.250000000000000000e+02
1.290000000000000000e+02
1.383333333333333428e+02
1.385000000000000000e+02
1.390000000000000000e+02
1.405000000000000000e+02
1.408000000000000114e+02
1.414000000000000057e+02
1.410000000000000000e+02
1.436666666666666572e+02
1.480000000000000000e+02
1.505000000000000000e+02
1.520000000000000000e+02
1.525000000000000000e+02
1.580000000000000000e+02
1.606666666666666572e+02
1.612500000000000000e+02
1.648000000000000114e+02
1.645000000000000000e+02
1.650000000000000000e+02
1.670000000000000000e+02
1.665000000000000000e+02
1.665000000000000000e+02
1.680000000000000000e+02
1.680000000000000000e+02
1.703333333333333428e+02
1.750000000000000000e+02
1.790000000000000000e+02
1.920000000000000000e+02
1.993333333333333428e+02
2.160000000000000000e+02
2.170000000000000000e+02
2.166666666666666572e+02
2.200000000000000000e+02
2.203333333333333428e+02
2.216666666666666572e+02
2.227500000000000000e+02
2.243333333333333428e+02
2.330000000000000000e+02
2.330000000000000000e+02
7.228117698201376129e+01
1.668744498179644324e+02
2.218220127153181238e+02
2.162577025484974911e+02
2.162577025484974911e+02
1.473993642340922463e+02
1.411395152964190345e+02
8.062764223224471039e+01
7.297671575286634038e+01
7.367225452371891947e+01
