9.500000000000000000e+00
4.400000000000000000e+01
4.400000000000000000e+01
4.800000000000000000e+01
5.579999999999999716e+01
6.150000000000000000e+01
7.100000000000000000e+01
7.050000000000000000e+01
7.100000000000000000e+01
7.300000000000000000e+01
7.350000000000000000e+01
7.400000000000000000e+01
7.650000000000000000e+01
7.700000000000000000e+01
8.000000000000000000e+01
8.700000000000000000e+01
9.000000000000000000e+01
9.200000000000000000e+01
9.340000000000000568e+01
9.850000000000000000e+01
1.050000000000000000e+02
1.050000000000000000e+02
1.054000000000000057e+02
1.057500000000000000e+02
1.090000000000000000e+02
1.086666666666666714e+02
1.090000000000000000e+02
1.175000000000000000e+02
1.190000000000000000e+02
1.213333333333333286e+02
1.220000000000000000e+02
1.355000000000000000e+02
1.390000000000000000e+02
1.395000000000000000e+02
1.395000000000000000e+02
1.411999999999999886e+02
1.420000000000000000e+02
1.420000000000000000e+02
1.455999999999999943e+02
1.455000000000000000e+02
1.504285714285714164e+02
1.520000000000000000e+02
1.560000000000000000e+02
1.555000000000000000e+02
1.580000000000000000e+02
1.645000000000000000e+02
1.653333333333333428e+02
1.657500000000000000e+02
1.680000000000000000e+02
1.690000000000000000e+02
1.690000000000000000e+02
1.695000000000000000e+02
1.706666666666666572e+02
1.710000000000000000e+02
1.722500000000000000e+02
1.810000000000000000e+02
1.923333333333333428e+02
2.015000000000000000e+02
2.132500000000000000e+02
2.140000000000000000e+02
2.220000000000000000e+02
2.230000000000000000e+02
2.238000000000000114e+02
2.250000000000000000e+02
2.250000000000000000e+02
2.310000000000000000e+02
5.628378525240447061e+01
5.697932402325704970e+01
5.837040156496220789e+01
7.089009944030860311e+01
1.661789110471118533e+02
2.204309351736129656e+02
2.169532413193500702e+02
2.148666250067923329e+02
2.239086290278758611e+02
2.162577025484974911e+02
2.322550942781068102e+02
2.315595555072542311e+02
6.949902189860347335e+01
