1.025000000000000000e+01
4.366666666666666430e+01
4.400000000000000000e+01
4.800000000000000000e+01
4.800000000000000000e+01
5.600000000000000000e+01
5.760000000000000142e+01
6.233333333333333570e+01
7.075000000000000000e+01
7.150000000000000000e+01
7.200000000000000000e+01
7.200000000000000000e+01
7.225000000000000000e+01
7.300000000000000000e+01
7.325000000000000000e+01
7.400000000000000000e+01
7.600000000000000000e+01
7.659999999999999432e+01
7.925000000000000000e+01
8.600000000000000000e+01
8.800000000000000000e+01
9.200000000000000000e+01
9.166666666666667140e+01
9.200000000000000000e+01
9.900000000000000000e+01
1.050000000000000000e+02
1.050000000000000000e+02
1.067999999999999972e+02
1.065000000000000000e+02
1.080000000000000000e+02
1.070000000000000000e+02
1.105000000000000000e+02
1.110000000000000000e+02
1.200000000000000000e+02
1.206666666666666714e+02
1.402500000000000000e+02
1.406666666666666572e+02
1.415714285714285836e+02
1.430000000000000000e+02
1.445000000000000000e+02
1.450000000000000000e+02
1.500000000000000000e+02
1.532500000000000000e+02
1.540000000000000000e+02
1.575000000000000000e+02
1.623333333333333428e+02
1.670000000000000000e+02
1.670000000000000000e+02
1.680000000000000000e+02
1.713333333333333428e+02
1.770000000000000000e+02
1.925000000000000000e+02
2.000000000000000000e+02
2.162500000000000000e+02
2.170000000000000000e+02
2.178000000000000114e+02
2.180000000000000000e+02
2.221999999999999886e+02
2.216666666666666572e+02
2.220000000000000000e+02
2.220000000000000000e+02
2.240000000000000000e+02
2.240000000000000000e+02
2.320000000000000000e+02
2.323333333333333428e+02
2.327500000000000000e+02
2.333333333333333428e+02
5.767486279410962879e+01
5.628378525240447061e+01
1.383573602130087181e+02
1.376618214421561390e+02
1.654833722762592743e+02
1.738298375264902234e+02
1.800896864641634352e+02
2.204309351736129656e+02
1.786986089224582770e+02
