8.500000000000000000e+00
4.300000000000000000e+01
4.250000000000000000e+01
4.750000000000000000e+01
5.533333333333333570e+01
5.600000000000000000e+01
5.683333333333333570e+01
5.733333333333333570e+01
5.733333333333333570e+01
5.800000000000000000e+01
5.925000000000000000e+01
6.200000000000000000e+01
7.059999999999999432e+01
7.050000000000000000e+01
7.100000000000000000e+01
7.166666666666667140e+01
7.225000000000000000e+01
7.275000000000000000e+01
7.350000000000000000e+01
7.350000000000000000e+01
7.633333333333332860e+01
7.625000000000000000e+01
7.900000000000000000e+01
8.550000000000000000e+01
8.900000000000000000e+01
9.100000000000000000e+01
9.150000000000000000e+01
9.300000000000000000e+01
1.020000000000000000e+02
1.015000000000000000e+02
1.030000000000000000e+02
1.040000000000000000e+02
1.080000000000000000e+02
1.080000000000000000e+02
1.092857142857142918e+02
1.095000000000000000e+02
1.092500000000000000e+02
1.225000000000000000e+02
1.242500000000000000e+02
1.385000000000000000e+02
1.383333333333333428e+02
1.390000000000000000e+02
1.400000000000000000e+02
1.420000000000000000e+02
1.420000000000000000e+02
1.433333333333333428e+02
1.515000000000000000e+02
1.528333333333333428e+02
1.533333333333333428e+02
1.550000000000000000e+02
1.582500000000000000e+02
1.653750000000000000e+02
1.661999999999999886e+02
1.660000000000000000e+02
1.675000000000000000e+02
1.684000000000000057e+02
1.710000000000000000e+02
1.750000000000000000e+02
1.800000000000000000e+02
1.810000000000000000e+02
1.925000000000000000e+02
1.990000000000000000e+02
2.160000000000000000e+02
2.180000000000000000e+02
2.170000000000000000e+02
2.180000000000000000e+02
2.200000000000000000e+02
2.190000000000000000e+02
2.206666666666666572e+02
2.230000000000000000e+02
2.220000000000000000e+02
2.325000000000000000e+02
2.330000000000000000e+02
2.373333333333333428e+02
1.661789110471118533e+02
4.237300983535288879e+01
1.077536542954952665e+02
1.084491930663478456e+02
2.176487800902026493e+02
2.204309351736129656e+02
