2.317500000000000000e+02
2.000000000000000000e+01
5.000000000000000000e+00
1.410000000000000000e+02
4.275000000000000000e+01
5.000000000000000000e+00
3.750000000000000000e+01
1.200000000000000000e+01
2.100000000000000000e+01
3.620000000000000284e+01
2.700000000000000000e+01
4.100000000000000000e+01
6.700000000000000000e+01
8.159999999999999432e+01
2.095000000000000000e+02
2.040000000000000000e+02
3.700000000000000000e+01
1.163333333333333286e+02
1.675000000000000000e+02
1.950000000000000000e+02
2.017500000000000000e+02
3.200000000000000000e+01
9.650000000000000000e+01
1.110000000000000000e+02
1.390000000000000000e+02
7.700000000000000000e+01
1.541999999999999886e+02
2.455000000000000000e+02
1.960000000000000000e+02
1.645000000000000000e+02
1.791999999999999886e+02
2.060000000000000000e+02
2.396666666666666572e+02
5.500000000000000000e+01
2.833333333333333481e+00
5.000000000000000000e+01
7.359999999999999432e+01
8.600000000000000000e+01
9.359999999999999432e+01
1.020000000000000000e+02
1.370000000000000000e+02
1.730000000000000000e+02
2.288333333333333428e+02
1.052000000000000028e+02
2.248333333333333428e+02
4.800000000000000000e+01
9.283333333333332860e+01
2.330000000000000000e+02
2.160000000000000000e+02
1.283333333333333393e+01
3.150000000000000000e+01
5.100000000000000000e+01
6.075000000000000000e+01
7.420000000000000284e+01
8.400000000000000000e+01
9.633333333333332860e+01
2.300000000000000000e+01
1.288333333333333428e+02
4.600000000000000000e+01
3.200000000000000000e+01
6.200000000000000000e+01
1.435000000000000000e+02
1.557142857142857224e+02
1.685000000000000000e+02
1.970000000000000000e+02
1.460000000000000000e+02
1.540000000000000000e+02
1.642500000000000000e+02
1.706666666666666572e+02
4.000000000000000000e+00
3.429780470575448703e+01
3.499334347660706612e+01
9.480967776992883955e+01
1.760487420529260305e+01
2.942903330978643339e+01
2.429594359615280439e+02
