1.000000000000000000e+01
1.900000000000000000e+01
1.416666666666666572e+02
0.000000000000000000e+00
2.000000000000000000e+01
9.333333333333333925e+00
4.066666666666666430e+01
4.850000000000000000e+01
3.033333333333333215e+01
3.550000000000000000e+01
2.250000000000000000e+01
3.460000000000000142e+01
9.000000000000000000e+00
4.900000000000000000e+01
6.100000000000000000e+01
9.283333333333332860e+01
1.932500000000000000e+02
2.020000000000000000e+02
3.600000000000000000e+01
1.050000000000000000e+02
1.600000000000000000e+02
1.912500000000000000e+02
1.980000000000000000e+02
2.353333333333333428e+02
7.800000000000000000e+01
4.250000000000000000e+01
9.600000000000000000e+01
1.360000000000000000e+02
1.326666666666666572e+02
2.425000000000000000e+02
1.541999999999999886e+02
1.610000000000000000e+02
1.786666666666666572e+02
1.913333333333333428e+02
2.005000000000000000e+02
1.940000000000000000e+02
2.287500000000000000e+02
5.566666666666666430e+01
3.550000000000000000e+01
8.333333333333333925e+00
5.300000000000000000e+01
7.379999999999999716e+01
8.700000000000000000e+01
9.933333333333332860e+01
1.040000000000000000e+02
1.280000000000000000e+02
1.306666666666666572e+02
1.605000000000000000e+02
2.305999999999999943e+02
1.080000000000000000e+02
2.160000000000000000e+02
2.270000000000000000e+02
5.000000000000000000e+01
2.326666666666666572e+02
2.415000000000000000e+02
5.250000000000000000e+01
7.750000000000000000e+01
8.550000000000000000e+01
2.175000000000000000e+02
1.073333333333333286e+02
2.175000000000000000e+01
1.286666666666666572e+02
4.800000000000000000e+01
1.467142857142857224e+02
6.200000000000000000e+01
1.566666666666666572e+02
3.100000000000000000e+01
1.680000000000000000e+02
1.362500000000000000e+02
1.915000000000000000e+02
1.440000000000000000e+02
1.490000000000000000e+02
1.615000000000000000e+02
1.715000000000000000e+02
1.745000000000000000e+02
6.333333333333333037e+00
7.185689833179372954e+01
6.211935553985762226e+01
1.551825789273486578e+01
3.012457208063901248e+01
8.020336358202467864e+01
