1.100000000000000000e+01
2.133333333333333215e+01
1.400000000000000000e+02
6.333333333333333037e+00
1.300000000000000000e+01
5.800000000000000000e+01
1.700000000000000000e+01
5.300000000000000000e+01
2.619999999999999929e+01
6.400000000000000000e+01
9.300000000000000000e+01
7.700000000000000000e+01
1.875999999999999943e+02
3.500000000000000000e+01
9.400000000000000000e+01
1.590000000000000000e+02
1.870000000000000000e+02
1.990000000000000000e+02
8.000000000000000000e+01
2.315000000000000000e+02
4.400000000000000000e+01
1.425999999999999943e+02
1.530000000000000000e+02
2.475000000000000000e+02
9.625000000000000000e+01
1.710000000000000000e+02
2.010000000000000000e+02
1.625000000000000000e+02
1.886666666666666572e+02
3.575000000000000000e+01
5.300000000000000000e+01
1.400000000000000000e+02
2.150000000000000000e+01
5.900000000000000000e+01
7.200000000000000000e+01
8.725000000000000000e+01
1.040000000000000000e+02
1.175000000000000000e+02
1.445000000000000000e+02
2.090000000000000000e+02
1.070000000000000000e+02
2.255000000000000000e+02
4.366666666666666430e+01
2.340000000000000000e+02
2.186666666666666572e+02
2.090000000000000000e+02
1.900000000000000000e+01
2.175999999999999943e+02
2.436666666666666572e+02
3.575000000000000000e+01
6.220000000000000284e+01
5.066666666666666430e+01
7.400000000000000000e+01
8.800000000000000000e+01
1.160000000000000000e+02
2.375000000000000000e+02
3.475000000000000000e+01
1.290000000000000000e+02
4.825000000000000000e+01
6.200000000000000000e+01
3.000000000000000000e+01
1.398000000000000114e+02
1.305000000000000000e+02
1.701666666666666572e+02
1.776666666666666572e+02
7.000000000000000000e+00
7.950782481117209954e+01
7.950782481117209954e+01
3.499334347660706612e+01
3.638442101831222431e+01
1.448884692713144773e+02
1.483661631255773727e+02
1.546260120632505846e+02
1.608858610009237680e+02
1.747966364179753498e+02
1.699278650220072961e+02
3.707995978916480340e+01
2.386472314296581487e+01
