3.000000000000000000e+00
1.128571428571428648e+01
2.866666666666666785e+01
1.450000000000000000e+02
2.633333333333333215e+01
3.166666666666666785e+01
3.950000000000000000e+01
5.433333333333333570e+01
6.933333333333332860e+01
3.633333333333333570e+01
3.000000000000000000e+00
2.450000000000000000e+01
3.779999999999999716e+01
5.400000000000000000e+01
6.900000000000000000e+01
9.200000000000000000e+01
1.786666666666666572e+02
4.800000000000000000e+01
8.266666666666667140e+01
1.635000000000000000e+02
1.820000000000000000e+02
2.035999999999999943e+02
7.400000000000000000e+01
9.700000000000000000e+01
2.105000000000000000e+02
4.900000000000000000e+01
1.516666666666666572e+02
1.628000000000000114e+02
2.011999999999999886e+02
1.350000000000000000e+02
1.817500000000000000e+02
3.833333333333333570e+01
4.725000000000000000e+01
5.300000000000000000e+01
2.082500000000000000e+02
3.733333333333333570e+01
5.450000000000000000e+01
7.200000000000000000e+01
9.450000000000000000e+01
1.234000000000000057e+02
1.102000000000000028e+02
1.280000000000000000e+02
2.176666666666666572e+02
1.030000000000000000e+02
2.385000000000000000e+02
5.400000000000000000e+01
9.500000000000000000e+01
1.170000000000000000e+02
2.410000000000000000e+02
2.070000000000000000e+02
3.539999999999999858e+01
8.200000000000000000e+01
4.000000000000000000e+01
5.400000000000000000e+01
6.250000000000000000e+01
7.350000000000000000e+01
1.290000000000000000e+02
8.250000000000000000e+01
2.143333333333333428e+02
2.372500000000000000e+02
4.200000000000000000e+01
1.290000000000000000e+02
5.333333333333333570e+01
6.100000000000000000e+01
1.360000000000000000e+02
1.413333333333333428e+02
3.600000000000000000e+01
1.243333333333333286e+02
1.626666666666666572e+02
1.440000000000000000e+02
1.793333333333333428e+02
1.000000000000000000e+01
1.866666666666666785e+01
7.881228604031952045e+01
8.924536760310820682e+01
1.525393957506928473e+02
1.497572406672825309e+02
1.587992446883660307e+02
2.290486605444764621e+02
2.318308156278867784e+02
2.067914198771939880e+02
2.060958811063414089e+02
2.116601912731620416e+02
