7.500000000000000000e+00
1.975000000000000000e+01
3.300000000000000000e+01
1.470000000000000000e+02
9.800000000000000711e+00
3.650000000000000000e+01
1.450000000000000000e+01
2.850000000000000000e+01
5.700000000000000000e+01
7.500000000000000000e+01
8.600000000000000000e+01
9.600000000000000000e+01
1.815000000000000000e+02
1.880000000000000000e+02
2.050000000000000000e+02
5.100000000000000000e+01
7.400000000000000000e+01
1.690000000000000000e+02
1.901999999999999886e+02
7.800000000000000000e+01
5.600000000000000000e+01
1.590000000000000000e+02
1.458000000000000114e+02
1.720000000000000000e+02
9.900000000000000000e+01
1.806666666666666572e+02
1.950000000000000000e+02
4.200000000000000000e+01
3.800000000000000000e+01
3.433333333333333570e+01
5.700000000000000000e+01
2.225000000000000000e+02
5.100000000000000000e+01
6.100000000000000000e+01
7.450000000000000000e+01
1.214000000000000057e+02
1.050000000000000000e+02
1.440000000000000000e+02
2.288000000000000114e+02
2.415000000000000000e+02
1.007142857142857082e+02
4.300000000000000000e+01
1.400000000000000000e+02
2.085000000000000000e+02
2.440000000000000000e+02
5.150000000000000000e+01
6.216666666666666430e+01
9.400000000000000000e+01
7.433333333333332860e+01
8.650000000000000000e+01
9.150000000000000000e+01
2.150000000000000000e+02
6.433333333333332860e+01
1.460000000000000000e+02
2.070000000000000000e+02
4.900000000000000000e+01
1.293333333333333428e+02
6.150000000000000000e+01
3.900000000000000000e+01
5.900000000000000000e+01
1.240000000000000000e+02
1.360000000000000000e+02
1.601999999999999886e+02
1.700000000000000000e+02
1.800000000000000000e+02
1.000000000000000000e+00
3.986211487257511976e+01
5.238181274792154341e+01
6.420597185241535954e+01
4.959965766451122704e+01
4.264426995598543613e+01
1.469750855838722146e+02
1.525393957506928473e+02
1.428018529587567400e+02
1.539304732923980055e+02
1.365420040210835282e+02
2.456026191381839396e+01
1.482271912188230090e+01
3.707995978916480340e+01
