1.300000000000000000e+01
3.866666666666666430e+01
3.250000000000000000e+01
2.300000000000000000e+01
1.493333333333333428e+02
5.000000000000000000e+00
6.620000000000000284e+01
3.633333333333333570e+01
2.000000000000000000e+01
2.800000000000000000e+01
3.375000000000000000e+01
5.500000000000000000e+01
3.900000000000000000e+01
7.300000000000000000e+01
9.375000000000000000e+01
9.600000000000000000e+01
1.705000000000000000e+02
1.808000000000000114e+02
2.050000000000000000e+02
4.275000000000000000e+01
6.575000000000000000e+01
1.720000000000000000e+02
1.833333333333333428e+02
1.950000000000000000e+02
7.200000000000000000e+01
5.600000000000000000e+01
1.110000000000000000e+02
1.504000000000000057e+02
1.785000000000000000e+02
1.410000000000000000e+02
1.575000000000000000e+02
1.925000000000000000e+02
2.020000000000000000e+02
3.925000000000000000e+01
5.633333333333333570e+01
9.800000000000000000e+01
1.073333333333333286e+02
1.252857142857142918e+02
1.540000000000000000e+02
2.305000000000000000e+02
2.435000000000000000e+02
2.260000000000000000e+02
4.800000000000000000e+01
8.800000000000000000e+01
1.650000000000000000e+02
2.063333333333333428e+02
4.700000000000000000e+01
7.800000000000000000e+01
9.100000000000000000e+01
1.576666666666666572e+02
2.067500000000000000e+02
1.295000000000000000e+02
7.300000000000000000e+01
4.400000000000000000e+01
6.100000000000000000e+01
1.425999999999999943e+02
1.835000000000000000e+02
1.285999999999999943e+02
1.356666666666666572e+02
1.760000000000000000e+02
1.580000000000000000e+02
1.502500000000000000e+02
1.860000000000000000e+02
7.500000000000000000e+00
2.333333333333333481e+00
3.400000000000000000e+01
2.566666666666666785e+01
4.403534749769059431e+01
5.168627397706896431e+01
5.655504537303701795e+01
4.542642503939575249e+01
6.281489431071020135e+01
6.420597185241535954e+01
6.351043308156278044e+01
1.643635548551866634e+02
2.346129707112970948e+02
