2.450000000000000000e+01
2.200000000000000000e+01
3.950000000000000000e+01
1.465000000000000000e+02
9.833333333333333925e+00
1.975000000000000000e+01
6.583333333333332860e+01
4.966666666666666430e+01
5.533333333333333570e+01
4.800000000000000000e+01
7.600000000000000000e+01
3.600000000000000000e+01
3.019999999999999929e+01
2.500000000000000000e+01
9.500000000000000000e+00
6.066666666666666430e+01
4.300000000000000000e+01
7.200000000000000000e+01
8.900000000000000000e+01
9.750000000000000000e+01
1.636666666666666572e+02
1.720000000000000000e+02
2.060000000000000000e+02
2.850000000000000000e+01
8.400000000000000000e+01
1.820000000000000000e+02
1.750000000000000000e+02
1.990000000000000000e+02
5.500000000000000000e+01
1.495000000000000000e+02
7.700000000000000000e+01
1.120000000000000000e+02
1.430000000000000000e+02
1.670000000000000000e+02
1.560000000000000000e+02
1.945000000000000000e+02
2.000000000000000000e+02
4.650000000000000000e+01
5.700000000000000000e+01
3.700000000000000000e+01
4.566666666666666430e+01
6.300000000000000000e+01
8.000000000000000000e+01
1.190000000000000000e+02
1.320000000000000000e+02
1.613333333333333428e+02
4.150000000000000000e+01
7.283333333333332860e+01
6.066666666666666430e+01
9.300000000000000000e+01
1.850000000000000000e+02
4.737500000000000000e+01
7.659999999999999432e+01
8.600000000000000000e+01
2.060000000000000000e+02
9.520000000000000284e+01
1.650000000000000000e+02
2.060000000000000000e+02
5.500000000000000000e+01
7.200000000000000000e+01
1.295000000000000000e+02
7.300000000000000000e+01
1.305000000000000000e+02
3.875000000000000000e+01
5.950000000000000000e+01
1.240000000000000000e+02
1.510000000000000000e+02
1.775000000000000000e+02
1.873333333333333428e+02
1.640000000000000000e+02
1.710000000000000000e+02
1.750000000000000000e+01
3.200000000000000000e+01
1.333333333333333259e+00
6.490151062326793863e+01
4.612196381024833158e+01
1.490617018964299518e+02
1.810564853556485616e+02
1.386286203336412655e+02
1.330643101668206327e+02
