1.200000000000000000e+01
1.200000000000000000e+01
1.200000000000000000e+01
1.250000000000000000e+01
2.400000000000000000e+01
2.669999999999999929e+01
2.900000000000000000e+01
3.183333333333333215e+01
4.150000000000000000e+01
4.375000000000000000e+01
4.516666666666666430e+01
4.583333333333333570e+01
4.600000000000000000e+01
4.800000000000000000e+01
4.800000000000000000e+01
5.716666666666666430e+01
5.862500000000000000e+01
5.766666666666666430e+01
5.800000000000000000e+01
5.883333333333333570e+01
5.850000000000000000e+01
6.950000000000000000e+01
6.959999999999999432e+01
7.025000000000000000e+01
8.300000000000000000e+01
8.350000000000000000e+01
8.540000000000000568e+01
8.616666666666667140e+01
8.683333333333332860e+01
9.816666666666667140e+01
9.900000000000000000e+01
1.000000000000000000e+02
1.035999999999999943e+02
1.070000000000000000e+02
1.171428571428571388e+02
1.180000000000000000e+02
1.180000000000000000e+02
1.187500000000000000e+02
1.197500000000000000e+02
1.205000000000000000e+02
1.316250000000000000e+02
1.310000000000000000e+02
1.314000000000000057e+02
1.340000000000000000e+02
1.337142857142857224e+02
1.435000000000000000e+02
1.434000000000000057e+02
1.437500000000000000e+02
1.471666666666666572e+02
1.483333333333333428e+02
1.620000000000000000e+02
1.700000000000000000e+02
1.700000000000000000e+02
1.750000000000000000e+02
1.758333333333333428e+02
1.760000000000000000e+02
1.770000000000000000e+02
1.795000000000000000e+02
1.795000000000000000e+02
1.811999999999999886e+02
1.915000000000000000e+02
1.941999999999999886e+02
2.030000000000000000e+02
2.040000000000000000e+02
2.044000000000000057e+02
2.050000000000000000e+02
2.071666666666666572e+02
2.165000000000000000e+02
2.171666666666666572e+02
2.190000000000000000e+02
2.194000000000000057e+02
2.205000000000000000e+02
2.205000000000000000e+02
2.278333333333333428e+02
2.291666666666666572e+02
2.291666666666666572e+02
2.293333333333333428e+02
2.315000000000000000e+02
2.318333333333333428e+02
2.330000000000000000e+02
2.450000000000000000e+02
2.465999999999999943e+02
2.266907841112861774e+02
2.190398576319078074e+02
2.190398576319078074e+02
2.482524860077161293e+02
1.745253762973428024e+02
1.467038254632396672e+02
1.453127479215345090e+02
5.697932402325704970e+01
4.515516491876320515e+01
5.837040156496220789e+01
1.752209150681953815e+02
1.432261316089767718e+02
2.037380046731510959e+02
2.037380046731510959e+02
2.315595555072542311e+02
2.301684779655490729e+02
2.183443188610552284e+02
2.183443188610552284e+02
2.176487800902026493e+02
1.793941476933108561e+02
1.807852252350160143e+02
1.814807640058685934e+02
1.800896864641634352e+02
1.793941476933108561e+02
1.773075313807531188e+02
1.606146008802912206e+02
1.063625767537901083e+02
3.472208335597451878e+01
1.759164538390479606e+02
2.044335434440036749e+02
2.322550942781068102e+02
2.183443188610552284e+02
2.498454056403841150e+01
1.014938053578220547e+02
9.384287887844371312e+01
1.385592023039720289e+01
