0.000000000000000000e+00
1.200000000000000000e+01
1.319999999999999929e+01
3.000000000000000000e+01
3.000000000000000000e+01
4.050000000000000000e+01
4.466666666666666430e+01
4.750000000000000000e+01
4.833333333333333570e+01
5.685714285714285410e+01
5.733333333333333570e+01
5.783333333333333570e+01
5.816666666666666430e+01
5.900000000000000000e+01
5.850000000000000000e+01
6.975000000000000000e+01
7.000000000000000000e+01
7.040000000000000568e+01
8.366666666666667140e+01
8.385714285714286120e+01
8.659999999999999432e+01
8.650000000000000000e+01
9.020000000000000284e+01
1.000000000000000000e+02
1.002500000000000000e+02
1.065000000000000000e+02
1.173333333333333286e+02
1.181666666666666714e+02
1.195000000000000000e+02
1.192500000000000000e+02
1.202500000000000000e+02
1.256666666666666714e+02
1.310000000000000000e+02
1.312500000000000000e+02
1.325000000000000000e+02
1.338571428571428612e+02
1.435000000000000000e+02
1.447500000000000000e+02
1.478333333333333428e+02
1.485000000000000000e+02
1.595000000000000000e+02
1.600000000000000000e+02
1.600000000000000000e+02
1.703333333333333428e+02
1.721999999999999886e+02
1.740000000000000000e+02
1.750000000000000000e+02
1.750000000000000000e+02
1.760000000000000000e+02
1.766666666666666572e+02
1.770000000000000000e+02
1.774000000000000057e+02
1.786666666666666572e+02
1.780000000000000000e+02
1.800000000000000000e+02
1.800000000000000000e+02
1.807142857142857224e+02
1.910000000000000000e+02
1.935000000000000000e+02
2.025000000000000000e+02
2.035000000000000000e+02
2.035999999999999943e+02
2.040000000000000000e+02
2.036666666666666572e+02
2.036666666666666572e+02
2.048333333333333428e+02
2.065000000000000000e+02
2.075000000000000000e+02
2.165000000000000000e+02
2.168333333333333428e+02
2.170000000000000000e+02
2.185000000000000000e+02
2.184285714285714164e+02
2.198888888888888857e+02
2.195000000000000000e+02
2.208571428571428612e+02
2.217142857142857224e+02
2.220000000000000000e+02
2.292500000000000000e+02
2.290000000000000000e+02
2.298750000000000000e+02
2.300000000000000000e+02
2.303333333333333428e+02
2.321666666666666572e+02
2.322500000000000000e+02
2.320000000000000000e+02
2.330000000000000000e+02
2.340000000000000000e+02
2.432500000000000000e+02
1.432261316089767718e+02
1.439216703798293508e+02
1.453127479215345090e+02
1.195778133999891111e+02
2.637561810574356969e+01
4.515516491876320515e+01
4.445962614791062606e+01
4.654624246046836333e+01
1.035804216703797920e+02
1.028848828995272129e+02
1.807852252350160143e+02
1.745253762973428024e+02
2.343417105906645475e+02
2.266907841112861774e+02
2.329506330489593893e+02
2.287774004238439147e+02
2.350372493615171265e+02
8.688749116991792221e+01
3.333100581426936060e+01
1.316038145954462379e+01
1.316038145954462379e+01
2.637561810574356969e+01
2.169532413193500702e+02
