1.050000000000000000e+01
1.150000000000000000e+01
1.166666666666666607e+01
1.400000000000000000e+01
2.675000000000000000e+01
3.250000000000000000e+01
4.150000000000000000e+01
4.414285714285714590e+01
4.460000000000000142e+01
4.483333333333333570e+01
4.600000000000000000e+01
4.839999999999999858e+01
5.675000000000000000e+01
5.785714285714285410e+01
5.757142857142856940e+01
5.800000000000000000e+01
5.800000000000000000e+01
5.800000000000000000e+01
5.800000000000000000e+01
5.933333333333333570e+01
6.925000000000000000e+01
8.342857142857143060e+01
8.375000000000000000e+01
8.620000000000000284e+01
8.662500000000000000e+01
8.725000000000000000e+01
9.800000000000000000e+01
9.983333333333332860e+01
1.022500000000000000e+02
1.038333333333333286e+02
1.175000000000000000e+02
1.181428571428571388e+02
1.187142857142857082e+02
1.195000000000000000e+02
1.314000000000000057e+02
1.340000000000000000e+02
1.345000000000000000e+02
1.432500000000000000e+02
1.432500000000000000e+02
1.458571428571428612e+02
1.485000000000000000e+02
1.611666666666666572e+02
1.620000000000000000e+02
1.725000000000000000e+02
1.735000000000000000e+02
1.735000000000000000e+02
1.735000000000000000e+02
1.735000000000000000e+02
1.757500000000000000e+02
1.758888888888888857e+02
1.750000000000000000e+02
1.780000000000000000e+02
1.785000000000000000e+02
1.794000000000000057e+02
1.800000000000000000e+02
1.940000000000000000e+02
2.030000000000000000e+02
2.030000000000000000e+02
2.032500000000000000e+02
2.040000000000000000e+02
2.040000000000000000e+02
2.055000000000000000e+02
2.055000000000000000e+02
2.085000000000000000e+02
2.165000000000000000e+02
2.160000000000000000e+02
2.165000000000000000e+02
2.173333333333333428e+02
2.171428571428571388e+02
2.180000000000000000e+02
2.185999999999999943e+02
2.204000000000000057e+02
2.217500000000000000e+02
2.214000000000000057e+02
2.291666666666666572e+02
2.295999999999999943e+02
2.302857142857142776e+02
2.301666666666666572e+02
2.320000000000000000e+02
2.320000000000000000e+02
2.330000000000000000e+02
2.342500000000000000e+02
2.437142857142857224e+02
2.707115687659614878e+01
3.124438950171162332e+01
1.316038145954462379e+01
1.035804216703797920e+02
1.216644297125468484e+02
1.473993642340922463e+02
1.188822746291365320e+02
1.307064337336303481e+02
2.030424659022985168e+02
2.030424659022985168e+02
2.461658696951583920e+02
2.176487800902026493e+02
1.766119926099005397e+02
1.807852252350160143e+02
1.063625767537901083e+02
2.294729391946964938e+02
2.051290822148562540e+02
1.926093843395098588e+02
1.446172091506819299e+02
1.439216703798293508e+02
6.949902189860347335e+01
5.767486279410962879e+01
1.307064337336303481e+02
2.329506330489593893e+02
2.336461718198119684e+02
2.350372493615171265e+02
2.204309351736129656e+02
2.183443188610552284e+02
2.190398576319078074e+02
