1.133333333333333393e+01
2.550000000000000000e+01
3.250000000000000000e+01
4.142857142857143060e+01
4.460000000000000142e+01
4.600000000000000000e+01
4.600000000000000000e+01
4.600000000000000000e+01
5.600000000000000000e+01
5.760000000000000142e+01
5.750000000000000000e+01
5.800000000000000000e+01
5.800000000000000000e+01
5.850000000000000000e+01
6.000000000000000000e+01
6.966666666666667140e+01
7.033333333333332860e+01
8.350000000000000000e+01
8.400000000000000000e+01
8.640000000000000568e+01
9.650000000000000000e+01
9.650000000000000000e+01
1.020000000000000000e+02
1.184000000000000057e+02
1.191666666666666714e+02
1.195000000000000000e+02
1.223333333333333286e+02
1.321999999999999886e+02
1.320000000000000000e+02
1.427142857142857224e+02
1.441666666666666572e+02
1.443333333333333428e+02
1.450000000000000000e+02
1.470000000000000000e+02
1.601999999999999886e+02
1.604285714285714164e+02
1.715000000000000000e+02
1.720000000000000000e+02
1.755000000000000000e+02
1.765000000000000000e+02
1.795000000000000000e+02
1.802857142857142776e+02
1.804000000000000057e+02
1.900000000000000000e+02
1.941666666666666572e+02
2.030000000000000000e+02
2.045000000000000000e+02
2.033333333333333428e+02
2.042857142857142776e+02
2.048000000000000114e+02
2.158000000000000114e+02
2.165999999999999943e+02
2.175000000000000000e+02
2.182857142857142776e+02
2.184000000000000057e+02
2.185000000000000000e+02
2.184000000000000057e+02
2.192500000000000000e+02
2.200000000000000000e+02
2.203333333333333428e+02
2.207142857142857224e+02
2.212500000000000000e+02
2.301666666666666572e+02
2.298333333333333428e+02
2.300000000000000000e+02
2.304000000000000057e+02
2.315000000000000000e+02
2.330000000000000000e+02
2.335000000000000000e+02
2.480000000000000000e+02
1.759164538390479606e+02
1.717432212139324861e+02
1.738298375264902234e+02
1.814807640058685934e+02
2.329506330489593893e+02
2.329506330489593893e+02
2.343417105906645475e+02
2.294729391946964938e+02
2.044335434440036749e+02
2.044335434440036749e+02
1.320975112753355063e+02
1.021893441286746338e+02
1.001027278161168965e+02
4.863285877302610061e+01
1.176930391783946561e+01
1.316038145954462379e+01
2.498454056403841150e+01
4.585070368961578424e+01
5.906594033581478698e+01
5.837040156496220789e+01
7.019456066945602402e+01
1.752209150681953815e+02
