1.340000000000000036e+01
2.400000000000000000e+01
2.850000000000000000e+01
3.200000000000000000e+01
4.100000000000000000e+01
4.400000000000000000e+01
4.488888888888888573e+01
4.500000000000000000e+01
5.700000000000000000e+01
5.755555555555555713e+01
5.771428571428571530e+01
5.775000000000000000e+01
5.750000000000000000e+01
5.750000000000000000e+01
5.883333333333333570e+01
5.950000000000000000e+01
7.000000000000000000e+01
7.116666666666667140e+01
8.416666666666667140e+01
8.437500000000000000e+01
8.550000000000000000e+01
8.700000000000000000e+01
9.479999999999999716e+01
1.046666666666666714e+02
1.054000000000000057e+02
1.192222222222222285e+02
1.194000000000000057e+02
1.315714285714285836e+02
1.323333333333333428e+02
1.431428571428571388e+02
1.434285714285714164e+02
1.440000000000000000e+02
1.445000000000000000e+02
1.705000000000000000e+02
1.730000000000000000e+02
1.740000000000000000e+02
1.745000000000000000e+02
1.746666666666666572e+02
1.755999999999999943e+02
1.761666666666666572e+02
1.770000000000000000e+02
1.778333333333333428e+02
1.785000000000000000e+02
1.804000000000000057e+02
1.805000000000000000e+02
1.900000000000000000e+02
1.950000000000000000e+02
2.032857142857142776e+02
2.028750000000000000e+02
2.030000000000000000e+02
2.037142857142857224e+02
2.045000000000000000e+02
2.045000000000000000e+02
2.048333333333333428e+02
2.068333333333333428e+02
2.151666666666666572e+02
2.175000000000000000e+02
2.183333333333333428e+02
2.185714285714285836e+02
2.194000000000000057e+02
2.203333333333333428e+02
2.194000000000000057e+02
2.195999999999999943e+02
2.200000000000000000e+02
2.205000000000000000e+02
2.208333333333333428e+02
2.230000000000000000e+02
2.288750000000000000e+02
2.295999999999999943e+02
2.295999999999999943e+02
2.300000000000000000e+02
2.305000000000000000e+02
2.305000000000000000e+02
2.311666666666666572e+02
2.315000000000000000e+02
2.454000000000000057e+02
1.188822746291365320e+02
1.314019725044829272e+02
1.926093843395098588e+02
1.745253762973428024e+02
2.301684779655490729e+02
2.197353964027603865e+02
2.259952453404335984e+02
1.432261316089767718e+02
1.334885888170406645e+02
1.209688909416942693e+02
1.599190621094386415e+02
1.661789110471118533e+02
2.336461718198119684e+02
2.336461718198119684e+02
9.732057273270660858e+01
1.028848828995272129e+02
2.707115687659614878e+01
1.246484268869204470e+01
4.654624246046836333e+01
1.042759604412323711e+02
9.732057273270660858e+01
7.993210346139213129e+01
1.480949030049448254e+02
1.453127479215345090e+02
2.322550942781068102e+02
1.800896864641634352e+02
2.428900179318588926e+01
