1.150000000000000000e+01
2.500000000000000000e+01
2.850000000000000000e+01
3.279999999999999716e+01
4.525000000000000000e+01
5.714285714285714590e+01
5.733333333333333570e+01
5.800000000000000000e+01
5.766666666666666430e+01
5.829999999999999716e+01
5.883333333333333570e+01
5.950000000000000000e+01
5.971428571428571530e+01
7.100000000000000000e+01
8.442857142857143060e+01
8.414285714285713880e+01
8.650000000000000000e+01
1.018333333333333286e+02
1.030000000000000000e+02
1.051666666666666714e+02
1.076666666666666714e+02
1.183333333333333286e+02
1.185999999999999943e+02
1.190000000000000000e+02
1.205000000000000000e+02
1.210000000000000000e+02
1.310000000000000000e+02
1.320000000000000000e+02
1.335000000000000000e+02
1.430000000000000000e+02
1.444000000000000057e+02
1.450000000000000000e+02
1.454285714285714164e+02
1.452500000000000000e+02
1.606666666666666572e+02
1.714444444444444571e+02
1.742500000000000000e+02
1.750000000000000000e+02
1.754000000000000057e+02
1.767500000000000000e+02
1.765000000000000000e+02
1.773333333333333428e+02
1.805714285714285836e+02
1.902500000000000000e+02
2.031428571428571388e+02
2.031111111111111143e+02
2.041999999999999886e+02
2.033333333333333428e+02
2.042222222222222285e+02
2.038333333333333428e+02
2.045000000000000000e+02
2.046666666666666572e+02
2.085000000000000000e+02
2.150000000000000000e+02
2.184000000000000057e+02
2.196250000000000000e+02
2.200000000000000000e+02
2.218333333333333428e+02
2.285555555555555429e+02
2.290000000000000000e+02
2.300000000000000000e+02
2.302500000000000000e+02
2.310000000000000000e+02
2.330000000000000000e+02
2.328571428571428612e+02
2.328000000000000114e+02
2.478333333333333428e+02
2.190398576319078074e+02
2.169532413193500702e+02
2.190398576319078074e+02
2.190398576319078074e+02
2.315595555072542311e+02
2.190398576319078074e+02
2.315595555072542311e+02
2.315595555072542311e+02
2.315595555072542311e+02
2.190398576319078074e+02
1.007982665869694756e+02
1.070581155246426874e+02
4.445962614791062606e+01
2.637561810574356969e+01
1.766119926099005397e+02
1.738298375264902234e+02
1.766119926099005397e+02
1.682655273596695906e+02
1.107376514698688652e+01
4.445962614791062606e+01
2.503391023202738666e+02
