9.900000000000000000e+01
1.615000000000000000e+02
1.365000000000000000e+02
2.195000000000000000e+02
4.000000000000000000e+00
4.810000000000000142e+01
9.000000000000000000e+01
1.938333333333333428e+02
8.850000000000000000e+01
8.000000000000000000e+00
6.516666666666667140e+01
1.281666666666666572e+02
1.820000000000000000e+02
2.340000000000000000e+02
2.510000000000000000e+02
2.183333333333333215e+01
5.425000000000000000e+01
9.216666666666667140e+01
3.300000000000000000e+01
6.116666666666666430e+01
1.565000000000000000e+02
2.500000000000000000e+00
5.779999999999999716e+01
4.600000000000000000e+01
6.225000000000000000e+01
8.450000000000000000e+01
1.968000000000000114e+02
2.138333333333333428e+02
2.251666666666666572e+02
2.098333333333333428e+02
7.525000000000000000e+01
1.767500000000000000e+02
3.920000000000000284e+01
1.990000000000000000e+02
3.142857142857142705e+01
7.800000000000000000e+01
1.092857142857142918e+02
8.925000000000000000e+01
9.925000000000000000e+01
1.355000000000000000e+02
4.025000000000000000e+01
5.528571428571428470e+01
8.920000000000000284e+01
1.850000000000000000e+02
2.010000000000000000e+02
5.000000000000000000e-01
4.179999999999999716e+01
5.700000000000000000e+01
2.188333333333333428e+02
2.243333333333333428e+02
2.330000000000000000e+02
2.771428571428571530e+01
3.500000000000000000e+00
2.210000000000000000e+02
2.301666666666666572e+02
1.550000000000000000e+01
3.275000000000000000e+01
1.770000000000000000e+02
2.435000000000000000e+02
2.204000000000000057e+02
6.750000000000000000e+01
1.884000000000000057e+02
2.550000000000000000e+01
5.700000000000000000e+01
6.420000000000000284e+01
1.260000000000000000e+02
2.311666666666666572e+02
5.850000000000000000e+01
6.816666666666667140e+01
1.596666666666666572e+02
2.018000000000000114e+02
1.735000000000000000e+02
2.445000000000000000e+02
7.216666666666667140e+01
5.616666666666666430e+01
8.616666666666667140e+01
8.333333333333333925e+00
1.480000000000000000e+02
1.666666666666666572e+02
2.035000000000000000e+02
7.400000000000000000e+01
4.620000000000000284e+01
1.894029506058795107e+02
1.824475628973537198e+02
1.900984893767320898e+02
2.081824974188991462e+02
2.088780361897517253e+02
1.052427593327174975e+02
1.003739879367494439e+02
4.612196381024833158e+01
4.542642503939575249e+01
7.255243710264630863e+01
4.125319241428027794e+01
2.664687822637613124e+01
3.707995978916480340e+01
4.194873118513285704e+01
9.341860022822368137e+01
9.898291039504428568e+01
8.437659620714015318e+01
9.620075531163396931e+01
1.024606042493071811e+02
2.109646525023094625e+02
2.060958811063414089e+02
2.353085094821496739e+02
1.942717220018475643e+02
2.012271097103733553e+02
1.894029506058795107e+02
2.088780361897517253e+02
2.262665054610661457e+02
2.401772808781177275e+02
2.664687822637613124e+01
7.811674726946694136e+01
1.873163342933217734e+02
1.490617018964299518e+02
3.012457208063901248e+01
1.866207955224691943e+02
1.914895669184372480e+02
2.005315709395207762e+02
