1.855000000000000000e+02
1.360000000000000000e+02
2.255999999999999943e+02
9.750000000000000000e+01
1.905000000000000000e+02
8.850000000000000000e+01
1.433333333333333393e+01
1.445000000000000000e+02
2.346666666666666572e+02
4.042857142857143060e+01
5.150000000000000000e+01
6.850000000000000000e+01
9.983333333333332860e+01
8.200000000000000000e+01
1.545000000000000000e+02
1.200000000000000000e+01
6.600000000000000000e+01
5.520000000000000284e+01
7.233333333333332860e+01
9.157142857142856940e+01
2.058000000000000114e+02
2.425000000000000000e+02
1.875999999999999943e+02
3.628571428571428470e+01
8.200000000000000000e+01
2.405000000000000000e+02
4.066666666666666430e+01
8.116666666666667140e+01
9.650000000000000000e+01
1.130000000000000000e+02
1.490000000000000000e+02
1.016666666666666714e+02
5.425000000000000000e+01
6.900000000000000000e+01
1.825000000000000000e+02
2.154285714285714164e+02
3.450000000000000000e+01
4.300000000000000000e+01
2.281666666666666572e+02
2.385000000000000000e+02
2.060000000000000000e+02
2.410000000000000000e+02
2.010000000000000000e+02
2.733333333333333215e+01
1.780000000000000071e+01
2.038000000000000114e+02
5.000000000000000000e+01
2.750000000000000000e+01
2.320000000000000000e+02
3.766666666666666430e+01
4.300000000000000000e+01
2.468000000000000114e+02
1.793333333333333428e+02
2.000000000000000000e+02
1.945000000000000000e+02
2.207500000000000000e+02
2.120000000000000000e+02
7.600000000000000000e+01
2.015000000000000000e+02
5.000000000000000000e+00
2.650000000000000000e+01
3.420000000000000284e+01
5.050000000000000000e+01
5.766666666666666430e+01
7.833333333333332860e+01
7.033333333333332860e+01
1.500000000000000000e+02
2.415000000000000000e+02
7.950000000000000000e+01
9.416666666666667140e+01
1.140000000000000000e+02
1.415000000000000000e+02
1.567142857142857224e+02
1.698888888888888857e+02
1.825000000000000000e+02
2.185714285714285836e+02
2.030000000000000000e+02
2.550000000000000000e+02
1.200000000000000000e+01
5.900000000000000000e+01
9.487500000000000000e+01
4.000000000000000000e+00
8.550000000000000000e+01
2.061666666666666572e+02
1.612500000000000000e+02
2.185000000000000000e+02
2.155000000000000000e+02
2.300000000000000000e+02
7.800000000000000000e+01
7.171792642503930892e+00
5.864166168559475523e+01
1.073293756452752348e+02
1.024606042493071811e+02
5.099073520621638522e+01
7.185689833179372954e+01
4.890411889365864795e+01
1.970538770852578807e+02
1.817520241265011407e+02
1.887074118350269316e+02
2.067914198771939880e+02
2.255709666902135666e+02
1.880118730641743525e+02
1.907940281475846689e+02
1.727100201054176125e+02
7.463905341520404590e+01
7.324797587349888772e+01
2.283531217736238830e+02
2.499148236700538348e+02
2.060958811063414089e+02
1.754921751888279289e+02
2.873349453893385430e+01
5.238181274792154341e+01
