9.650000000000000000e+01
1.405000000000000000e+02
2.366666666666666572e+02
2.095000000000000000e+02
2.575000000000000000e+01
1.915000000000000000e+02
8.850000000000000000e+01
1.442857142857142883e+01
4.720000000000000284e+01
7.116666666666667140e+01
1.516666666666666572e+02
2.158000000000000114e+02
4.137500000000000000e+01
7.342857142857143060e+01
8.671428571428570820e+01
1.025000000000000000e+02
4.750000000000000000e+01
5.350000000000000000e+01
5.900000000000000000e+01
1.533333333333333428e+02
6.137500000000000000e+01
7.928571428571429180e+01
9.575000000000000000e+01
2.404000000000000057e+02
1.962500000000000000e+02
2.170000000000000000e+02
3.475000000000000000e+01
2.091666666666666572e+02
2.530000000000000000e+02
9.116666666666667140e+01
5.800000000000000000e+01
8.385714285714286120e+01
9.900000000000000000e+01
1.175000000000000000e+02
8.020000000000000284e+01
1.895000000000000000e+02
2.275000000000000000e+02
6.062500000000000000e+01
5.000000000000000000e+00
2.321428571428571388e+02
2.445000000000000000e+02
2.063333333333333428e+02
2.507142857142857224e+02
5.000000000000000000e+00
2.050000000000000000e+01
1.950000000000000000e+02
2.045000000000000000e+02
2.215000000000000000e+02
3.100000000000000000e+01
4.366666666666666430e+01
2.105000000000000000e+02
5.600000000000000000e+01
1.975000000000000000e+02
1.801999999999999886e+02
2.135000000000000000e+02
2.140000000000000000e+02
1.200000000000000000e+01
2.450000000000000000e+01
2.825000000000000000e+01
5.100000000000000000e+01
8.850000000000000000e+01
7.600000000000000000e+01
1.465000000000000000e+02
2.495000000000000000e+02
6.500000000000000000e+00
5.750000000000000000e+01
6.150000000000000000e+01
8.933333333333332860e+01
1.045714285714285694e+02
1.572500000000000000e+02
1.698000000000000114e+02
2.041999999999999886e+02
2.257500000000000000e+02
2.298000000000000114e+02
1.216666666666666607e+01
6.320000000000000284e+01
9.300000000000000000e+01
1.071666666666666714e+02
1.680000000000000000e+02
1.927500000000000000e+02
1.855000000000000000e+02
2.340000000000000000e+02
8.000000000000000000e+01
5.446842906047928068e+01
1.073293756452752348e+02
1.845341792099114571e+02
1.873163342933217734e+02
1.782743302722382452e+02
1.087204531869803930e+02
1.059382981035700766e+02
4.890411889365864795e+01
3.499334347660706612e+01
4.333980872683801522e+01
4.403534749769059431e+01
1.198490735206216584e+02
2.325263543987393575e+02
2.297441993153290412e+02
1.970538770852578807e+02
7.742120849861436227e+01
6.629258816497309681e+01
7.950782481117209954e+01
3.847103733086996158e+01
4.473088626854317340e+01
9.953947725914247258e+00
2.108256805955549851e+01
5.794612291474217614e+01
1.747966364179753498e+02
2.220932728359506712e+02
2.137468075857197789e+02
2.123557300440146207e+02
1.852297179807640362e+02
1.768832527305330871e+02
