7.966666666666667140e+01
2.650000000000000000e+01
1.915000000000000000e+02
8.914285714285713880e+01
4.320000000000000284e+01
7.350000000000000000e+01
1.760000000000000000e+02
1.500000000000000000e+01
2.000000000000000000e+01
7.420000000000000284e+01
8.750000000000000000e+01
3.950000000000000000e+01
5.750000000000000000e+01
1.150000000000000000e+02
1.555000000000000000e+02
6.933333333333332860e+01
5.866666666666666430e+01
1.025000000000000000e+02
8.850000000000000000e+01
1.988000000000000114e+02
2.550000000000000000e+01
9.850000000000000000e+01
2.180000000000000000e+02
8.120000000000000284e+01
9.383333333333332860e+01
1.065000000000000000e+02
1.193333333333333286e+02
5.939999999999999858e+01
8.300000000000000000e+01
1.300000000000000000e+01
4.316666666666666430e+01
5.783333333333333570e+01
4.800000000000000000e+01
2.250000000000000000e+02
2.074000000000000057e+02
2.007142857142857224e+02
1.950000000000000000e+01
5.650000000000000000e+01
2.180000000000000000e+02
2.450000000000000000e+01
1.735000000000000000e+02
2.120000000000000000e+02
2.341999999999999886e+02
3.000000000000000000e+00
2.268333333333333428e+02
1.771428571428571530e+01
2.650000000000000000e+01
4.150000000000000000e+01
9.100000000000000000e+01
8.159999999999999432e+01
6.440000000000000568e+01
9.800000000000000711e+00
1.070000000000000000e+02
1.164285714285714306e+02
1.267999999999999972e+02
1.375000000000000000e+02
1.688000000000000114e+02
1.910000000000000000e+02
2.196666666666666572e+02
1.805000000000000000e+02
2.350000000000000000e+02
2.040000000000000000e+02
1.116666666666666607e+01
6.683333333333332860e+01
1.002500000000000000e+02
1.112000000000000028e+02
1.680000000000000000e+02
2.382500000000000000e+02
2.295000000000000000e+02
4.200000000000000000e+01
1.942717220018475643e+02
2.019226484812259343e+02
2.081824974188991462e+02
2.033137260229310925e+02
1.880118730641743525e+02
1.963583383144053016e+02
2.179200402108352534e+02
7.742120849861436227e+01
4.612196381024833158e+01
5.099073520621638522e+01
3.221118839319674976e+01
1.831431016682062989e+02
1.977494158561104598e+02
2.311352768570341993e+02
1.914895669184372480e+02
2.116601912731620416e+02
5.725058414388959704e+01
5.029519643536380613e+01
5.029519643536380613e+01
4.542642503939575249e+01
7.171792642503930892e+00
3.707995978916480340e+01
