2.001999999999999886e+02
3.750000000000000000e+01
1.345000000000000000e+02
1.930000000000000000e+02
8.871428571428570820e+01
1.050000000000000000e+01
5.066666666666666430e+01
7.850000000000000000e+01
1.428571428571428648e+01
7.811111111111111427e+01
3.442857142857143060e+01
4.200000000000000000e+01
4.850000000000000000e+01
5.500000000000000000e+01
1.001666666666666714e+02
1.675000000000000000e+02
5.725000000000000000e+01
7.416666666666667140e+01
1.008333333333333286e+02
1.107500000000000000e+02
2.015000000000000000e+02
2.290000000000000000e+02
9.599999999999999645e+00
1.013333333333333286e+02
2.071999999999999886e+02
9.233333333333332860e+01
1.062000000000000028e+02
5.628571428571428470e+01
9.666666666666667140e+01
1.942857142857142705e+01
3.985714285714285410e+01
4.750000000000000000e+01
5.750000000000000000e+01
2.633333333333333215e+01
2.095000000000000000e+02
1.747500000000000000e+02
2.188000000000000114e+02
2.323333333333333428e+02
3.279999999999999716e+01
4.283333333333333570e+01
5.900000000000000000e+01
1.908333333333333428e+02
2.135000000000000000e+02
2.008000000000000114e+02
2.410000000000000000e+02
8.000000000000000000e+00
2.487500000000000000e+02
2.200000000000000000e+01
3.187500000000000000e+01
4.800000000000000000e+01
5.457142857142856940e+01
9.100000000000000000e+01
6.250000000000000000e+01
7.816666666666667140e+01
1.948333333333333428e+02
7.616666666666667140e+01
1.130000000000000000e+02
1.238333333333333286e+02
1.532857142857142776e+02
1.398000000000000114e+02
1.628333333333333428e+02
1.728000000000000114e+02
2.041999999999999886e+02
2.095000000000000000e+02
2.230000000000000000e+02
2.311666666666666572e+02
2.540000000000000000e+02
1.487500000000000000e+01
8.800000000000000711e+00
6.979999999999999716e+01
9.450000000000000000e+01
1.220000000000000000e+02
1.505000000000000000e+02
1.838333333333333428e+02
1.335000000000000000e+02
6.200000000000000178e+00
8.368105743628757409e+01
4.264426995598543613e+01
9.967844916589686477e+01
6.907474324838341317e+01
7.950782481117209954e+01
1.796654078139434034e+02
1.678412487094495589e+02
2.012271097103733553e+02
1.831431016682062989e+02
1.956627995435527225e+02
2.033137260229310925e+02
1.949672607727001434e+02
2.276575830027713039e+02
2.415683584198228857e+02
2.005315709395207762e+02
1.720144813345650334e+02
6.003273922729988499e+01
2.213977340650980921e+02
2.193111177525404116e+02
2.401772808781177275e+02
2.394817421072651484e+02
2.457415910449383603e+02
1.316732326251154745e+02
1.379330815627886864e+02
1.991404933978156180e+02
2.276575830027713039e+02
2.386472314296581487e+01
