2.185000000000000000e+02
4.600000000000000000e+01
1.880000000000000000e+02
1.425999999999999943e+02
6.125000000000000000e+01
6.185714285714285410e+01
1.666666666666666785e+01
3.828571428571428470e+01
4.850000000000000000e+01
8.529999999999999716e+01
1.128333333333333286e+02
1.345000000000000000e+02
1.820000000000000000e+02
8.171428571428570820e+01
9.885714285714286120e+01
1.184285714285714306e+02
2.025000000000000000e+02
9.816666666666667140e+01
2.490000000000000000e+02
2.118333333333333428e+02
2.011111111111111143e+02
9.250000000000000000e+01
9.920000000000000284e+01
8.100000000000000000e+01
1.205000000000000000e+02
2.102857142857142776e+02
6.028571428571428470e+01
1.015000000000000000e+02
2.015000000000000000e+02
2.271428571428571530e+01
4.320000000000000284e+01
5.920000000000000284e+01
1.281428571428571388e+02
4.800000000000000000e+01
2.063333333333333428e+02
7.477777777777777146e+01
2.197500000000000000e+02
2.132500000000000000e+02
5.579999999999999716e+01
2.297500000000000000e+02
2.400000000000000000e+02
1.966666666666666572e+02
2.407142857142857224e+02
1.000000000000000000e+00
1.785714285714285765e+01
5.133333333333333570e+01
2.830000000000000071e+01
3.633333333333333570e+01
6.255555555555555713e+01
7.483333333333332860e+01
8.950000000000000000e+01
9.533333333333332860e+01
2.275000000000000000e+02
7.259999999999999432e+01
1.217999999999999972e+02
2.042500000000000000e+02
2.136666666666666572e+02
2.358333333333333428e+02
1.322222222222222143e+01
7.600000000000000000e+01
9.100000000000000000e+01
1.052500000000000000e+02
8.450000000000000000e+01
2.035000000000000000e+02
2.204285714285714164e+02
2.425999999999999943e+02
1.383333333333333393e+01
1.316732326251154745e+02
1.261089224582948702e+02
1.365420040210835282e+02
1.469750855838722146e+02
1.629724773134815052e+02
1.608858610009237680e+02
1.372375427919361073e+02
1.448884692713144773e+02
1.873163342933217734e+02
1.775787915013856662e+02
2.353085094821496739e+02
1.824475628973537198e+02
8.159444112372983682e+01
6.142381676900504317e+01
4.681750258110091067e+01
3.986211487257511976e+01
2.177810683040807760e+01
6.476253871651351801e+00
2.054003423354888298e+02
6.476253871651351801e+00
3.986211487257511976e+01
