3.333333333333333148e-01
0.000000000000000000e+00
3.500000000000000000e+00
7.000000000000000000e+00
1.100000000000000000e+01
1.240000000000000036e+01
1.500000000000000000e+01
2.450000000000000000e+01
2.575000000000000000e+01
2.783333333333333215e+01
2.650000000000000000e+01
2.633333333333333215e+01
2.700000000000000000e+01
2.700000000000000000e+01
2.800000000000000000e+01
2.900000000000000000e+01
3.425000000000000000e+01
4.300000000000000000e+01
4.300000000000000000e+01
4.500000000000000000e+01
4.700000000000000000e+01
4.800000000000000000e+01
4.900000000000000000e+01
4.925000000000000000e+01
4.966666666666666430e+01
5.100000000000000000e+01
5.100000000000000000e+01
5.225000000000000000e+01
5.800000000000000000e+01
5.800000000000000000e+01
6.000000000000000000e+01
5.975000000000000000e+01
5.939999999999999858e+01
6.000000000000000000e+01
6.033333333333333570e+01
6.300000000000000000e+01
6.300000000000000000e+01
6.250000000000000000e+01
6.400000000000000000e+01
6.500000000000000000e+01
6.550000000000000000e+01
6.600000000000000000e+01
6.600000000000000000e+01
6.720000000000000284e+01
7.459999999999999432e+01
7.600000000000000000e+01
7.800000000000000000e+01
7.800000000000000000e+01
7.840000000000000568e+01
7.966666666666667140e+01
8.066666666666667140e+01
9.100000000000000000e+01
9.200000000000000000e+01
9.633333333333332860e+01
1.086666666666666714e+02
1.133333333333333286e+02
1.230000000000000000e+02
1.255000000000000000e+02
1.280000000000000000e+02
1.278333333333333286e+02
1.400000000000000000e+02
1.421428571428571388e+02
1.460000000000000000e+02
1.460000000000000000e+02
1.515000000000000000e+02
1.650000000000000000e+02
1.732500000000000000e+02
1.742500000000000000e+02
1.790000000000000000e+02
1.790000000000000000e+02
1.810000000000000000e+02
1.813333333333333428e+02
1.820000000000000000e+02
1.882500000000000000e+02
1.886666666666666572e+02
1.965000000000000000e+02
1.971999999999999886e+02
1.980000000000000000e+02
1.980000000000000000e+02
1.990000000000000000e+02
1.996666666666666572e+02
2.005000000000000000e+02
2.005000000000000000e+02
2.150000000000000000e+02
2.150000000000000000e+02
2.190000000000000000e+02
2.196666666666666572e+02
2.200000000000000000e+02
2.198000000000000114e+02
2.202500000000000000e+02
2.220000000000000000e+02
2.247500000000000000e+02
2.342500000000000000e+02
2.350000000000000000e+02
2.350000000000000000e+02
2.360000000000000000e+02
2.357142857142857224e+02
2.367500000000000000e+02
2.370000000000000000e+02
2.390000000000000000e+02
2.386666666666666572e+02
2.390000000000000000e+02
2.395000000000000000e+02
2.400000000000000000e+02
2.412500000000000000e+02
2.423333333333333428e+02
2.435999999999999943e+02
2.490000000000000000e+02
2.503333333333333428e+02
2.526666666666666572e+02
5.767486279410962879e+01
2.707115687659614878e+01
3.124438950171162332e+01
2.707115687659614878e+01
2.637561810574356969e+01
3.124438950171162332e+01
2.568007933489099059e+01
3.054885073085904423e+01
2.846223441830130696e+01
2.498454056403841150e+01
2.428900179318588926e+01
1.385592023039720289e+01
1.272287398793674811e+02
1.237510460251045856e+02
1.696566049013747488e+02
1.710476824430799070e+02
2.016513883605933586e+02
1.988692332771830422e+02
2.023469271314459377e+02
1.988692332771830422e+02
2.016513883605933586e+02
2.329506330489593893e+02
2.266907841112861774e+02
2.350372493615171265e+02
2.266907841112861774e+02
2.371238656740748638e+02
2.510346410911264456e+02
2.454703309243058129e+02
1.272287398793674811e+02
1.327930500461880854e+02
7.923656469053955220e+01
6.393471173178284062e+01
2.023469271314459377e+02
1.974781557354778840e+02
2.016513883605933586e+02
1.974781557354778840e+02
