4.000000000000000000e+00
1.000000000000000000e+01
1.100000000000000000e+01
1.400000000000000000e+01
1.650000000000000000e+01
2.200000000000000000e+01
2.439999999999999858e+01
2.400000000000000000e+01
2.619999999999999929e+01
2.683333333333333215e+01
2.600000000000000000e+01
2.600000000000000000e+01
2.750000000000000000e+01
2.883333333333333215e+01
3.019999999999999929e+01
3.333333333333333570e+01
4.300000000000000000e+01
4.300000000000000000e+01
4.600000000000000000e+01
4.700000000000000000e+01
4.800000000000000000e+01
4.900000000000000000e+01
4.900000000000000000e+01
5.000000000000000000e+01
5.050000000000000000e+01
5.100000000000000000e+01
5.500000000000000000e+01
5.800000000000000000e+01
5.700000000000000000e+01
5.766666666666666430e+01
5.900000000000000000e+01
5.879999999999999716e+01
6.000000000000000000e+01
5.950000000000000000e+01
6.225000000000000000e+01
6.175000000000000000e+01
6.200000000000000000e+01
6.225000000000000000e+01
6.400000000000000000e+01
6.366666666666666430e+01
6.500000000000000000e+01
6.520000000000000284e+01
6.725000000000000000e+01
7.000000000000000000e+01
7.383333333333332860e+01
7.433333333333332860e+01
7.800000000000000000e+01
7.750000000000000000e+01
7.900000000000000000e+01
7.900000000000000000e+01
9.100000000000000000e+01
9.040000000000000568e+01
9.416666666666667140e+01
1.080000000000000000e+02
1.113333333333333286e+02
1.234000000000000057e+02
1.240000000000000000e+02
1.256666666666666714e+02
1.262500000000000000e+02
1.272500000000000000e+02
1.301666666666666572e+02
1.311999999999999886e+02
1.390000000000000000e+02
1.412500000000000000e+02
1.450000000000000000e+02
1.480000000000000000e+02
1.510000000000000000e+02
1.640000000000000000e+02
1.700000000000000000e+02
1.705000000000000000e+02
1.727500000000000000e+02
1.743333333333333428e+02
1.800000000000000000e+02
1.810000000000000000e+02
1.803333333333333428e+02
1.820000000000000000e+02
1.812500000000000000e+02
1.880000000000000000e+02
1.880000000000000000e+02
1.971666666666666572e+02
1.968000000000000114e+02
1.980000000000000000e+02
1.970000000000000000e+02
1.977500000000000000e+02
1.984000000000000057e+02
1.985000000000000000e+02
2.000000000000000000e+02
1.997500000000000000e+02
2.000000000000000000e+02
2.015000000000000000e+02
2.026666666666666572e+02
2.015000000000000000e+02
2.031666666666666572e+02
2.098000000000000114e+02
2.166666666666666572e+02
2.190000000000000000e+02
2.190000000000000000e+02
2.187500000000000000e+02
2.190000000000000000e+02
2.197500000000000000e+02
2.210000000000000000e+02
2.260000000000000000e+02
2.267500000000000000e+02
2.292500000000000000e+02
2.315999999999999943e+02
2.320000000000000000e+02
2.340000000000000000e+02
2.353333333333333428e+02
2.360000000000000000e+02
2.365000000000000000e+02
2.370000000000000000e+02
2.368000000000000114e+02
2.382500000000000000e+02
2.387500000000000000e+02
2.385000000000000000e+02
2.400000000000000000e+02
2.416666666666666572e+02
2.458000000000000114e+02
2.465000000000000000e+02
2.490000000000000000e+02
2.497142857142857224e+02
2.526666666666666572e+02
3.054885073085904423e+01
2.428900179318588926e+01
3.054885073085904423e+01
2.985331196000646514e+01
2.498454056403841150e+01
2.498454056403841150e+01
2.985331196000646514e+01
6.323917296093026152e+01
7.923656469053955220e+01
1.244465847959571647e+02
1.974781557354778840e+02
1.974781557354778840e+02
1.981736945063304631e+02
2.002603108188882004e+02
2.510346410911264456e+02
2.496435635494212875e+02
2.496435635494212875e+02
2.426881758408954965e+02
2.359346302233331016e+01
5.837040156496220789e+01
7.367225452371891947e+01
