0.000000000000000000e+00
1.500000000000000000e+00
4.333333333333333037e+00
7.000000000000000000e+00
1.066666666666666607e+01
1.300000000000000000e+01
1.600000000000000000e+01
1.700000000000000000e+01
2.560000000000000142e+01
2.633333333333333215e+01
2.500000000000000000e+01
2.700000000000000000e+01
2.780000000000000071e+01
2.900000000000000000e+01
2.950000000000000000e+01
3.320000000000000284e+01
4.300000000000000000e+01
4.325000000000000000e+01
4.500000000000000000e+01
4.700000000000000000e+01
4.700000000000000000e+01
4.850000000000000000e+01
4.900000000000000000e+01
4.900000000000000000e+01
4.975000000000000000e+01
5.100000000000000000e+01
5.133333333333333570e+01
5.700000000000000000e+01
5.650000000000000000e+01
5.739999999999999858e+01
5.875000000000000000e+01
5.850000000000000000e+01
5.925000000000000000e+01
6.020000000000000284e+01
5.966666666666666430e+01
5.960000000000000142e+01
6.000000000000000000e+01
6.200000000000000000e+01
6.200000000000000000e+01
6.325000000000000000e+01
6.400000000000000000e+01
6.375000000000000000e+01
6.500000000000000000e+01
6.866666666666667140e+01
7.050000000000000000e+01
7.350000000000000000e+01
7.525000000000000000e+01
7.566666666666667140e+01
7.766666666666667140e+01
7.800000000000000000e+01
7.866666666666667140e+01
7.920000000000000284e+01
7.979999999999999716e+01
9.100000000000000000e+01
9.125000000000000000e+01
9.625000000000000000e+01
1.070000000000000000e+02
1.110000000000000000e+02
1.230000000000000000e+02
1.240000000000000000e+02
1.240000000000000000e+02
1.236666666666666714e+02
1.250000000000000000e+02
1.260000000000000000e+02
1.270000000000000000e+02
1.283333333333333428e+02
1.295999999999999943e+02
1.315000000000000000e+02
1.403333333333333428e+02
1.420000000000000000e+02
1.454000000000000057e+02
1.470000000000000000e+02
1.520000000000000000e+02
1.610000000000000000e+02
1.630000000000000000e+02
1.696666666666666572e+02
1.700000000000000000e+02
1.750000000000000000e+02
1.810000000000000000e+02
1.810000000000000000e+02
1.830000000000000000e+02
1.830000000000000000e+02
1.880000000000000000e+02
1.910000000000000000e+02
1.970000000000000000e+02
1.966666666666666572e+02
1.960000000000000000e+02
1.980000000000000000e+02
1.975999999999999943e+02
1.983333333333333428e+02
1.985714285714285836e+02
2.010000000000000000e+02
2.010000000000000000e+02
2.020000000000000000e+02
2.020000000000000000e+02
2.023333333333333428e+02
2.023333333333333428e+02
2.040000000000000000e+02
2.065000000000000000e+02
2.136666666666666572e+02
2.150000000000000000e+02
2.160000000000000000e+02
2.190000000000000000e+02
2.190000000000000000e+02
2.192500000000000000e+02
2.203333333333333428e+02
2.226666666666666572e+02
2.286666666666666572e+02
2.330000000000000000e+02
2.340000000000000000e+02
2.350000000000000000e+02
2.350000000000000000e+02
2.347500000000000000e+02
2.353333333333333428e+02
2.365000000000000000e+02
2.376666666666666572e+02
2.383333333333333428e+02
2.390000000000000000e+02
2.390000000000000000e+02
2.410000000000000000e+02
2.460000000000000000e+02
2.495000000000000000e+02
2.507500000000000000e+02
2.510000000000000000e+02
2.520000000000000000e+02
2.526666666666666572e+02
2.540000000000000000e+02
3.193992827256420242e+01
3.193992827256420242e+01
2.637561810574356969e+01
2.498454056403841150e+01
2.776669564744872787e+01
2.776669564744872787e+01
2.568007933489099059e+01
2.568007933489099059e+01
1.738298375264902234e+02
2.503391023202738666e+02
2.496435635494212875e+02
2.482524860077161293e+02
2.197353964027603865e+02
2.023469271314459377e+02
1.967826169646253049e+02
1.773075313807531188e+02
1.793941476933108561e+02
1.814807640058685934e+02
2.329506330489593893e+02
2.315595555072542311e+02
2.322550942781068102e+02
