0.000000000000000000e+00
2.500000000000000000e-01
5.500000000000000000e+00
9.000000000000000000e+00
1.225000000000000000e+01
1.400000000000000000e+01
2.419999999999999929e+01
2.439999999999999858e+01
2.450000000000000000e+01
2.500000000000000000e+01
2.660000000000000142e+01
2.680000000000000071e+01
2.700000000000000000e+01
2.800000000000000000e+01
2.933333333333333215e+01
3.200000000000000000e+01
4.300000000000000000e+01
4.425000000000000000e+01
4.500000000000000000e+01
4.600000000000000000e+01
4.700000000000000000e+01
4.700000000000000000e+01
4.900000000000000000e+01
4.900000000000000000e+01
4.960000000000000142e+01
5.100000000000000000e+01
5.400000000000000000e+01
5.550000000000000000e+01
5.766666666666666430e+01
5.900000000000000000e+01
5.820000000000000284e+01
6.025000000000000000e+01
6.000000000000000000e+01
6.200000000000000000e+01
6.200000000000000000e+01
6.200000000000000000e+01
6.325000000000000000e+01
6.433333333333332860e+01
6.850000000000000000e+01
7.166666666666667140e+01
7.350000000000000000e+01
7.475000000000000000e+01
7.500000000000000000e+01
7.700000000000000000e+01
7.800000000000000000e+01
8.975000000000000000e+01
9.100000000000000000e+01
1.070000000000000000e+02
1.230000000000000000e+02
1.243333333333333286e+02
1.260000000000000000e+02
1.262500000000000000e+02
1.280000000000000000e+02
1.296666666666666572e+02
1.315000000000000000e+02
1.400000000000000000e+02
1.450000000000000000e+02
1.475000000000000000e+02
1.520000000000000000e+02
1.641999999999999886e+02
1.700000000000000000e+02
1.705999999999999943e+02
1.734000000000000057e+02
1.740000000000000000e+02
1.800000000000000000e+02
1.804000000000000057e+02
1.815000000000000000e+02
1.810000000000000000e+02
1.825000000000000000e+02
1.882500000000000000e+02
1.885000000000000000e+02
1.955000000000000000e+02
1.980000000000000000e+02
1.985000000000000000e+02
1.980000000000000000e+02
1.980000000000000000e+02
2.000000000000000000e+02
2.010000000000000000e+02
2.005000000000000000e+02
2.010000000000000000e+02
2.030000000000000000e+02
2.156666666666666572e+02
2.183333333333333428e+02
2.183333333333333428e+02
2.184000000000000057e+02
2.185000000000000000e+02
2.190000000000000000e+02
2.200000000000000000e+02
2.201999999999999886e+02
2.240000000000000000e+02
2.280000000000000000e+02
2.320000000000000000e+02
2.330000000000000000e+02
2.332500000000000000e+02
2.345000000000000000e+02
2.342500000000000000e+02
2.350000000000000000e+02
2.361999999999999886e+02
2.370000000000000000e+02
2.365000000000000000e+02
2.360000000000000000e+02
2.377142857142857224e+02
2.375000000000000000e+02
2.415000000000000000e+02
2.420000000000000000e+02
2.434000000000000057e+02
2.450000000000000000e+02
2.498333333333333428e+02
2.500000000000000000e+02
2.512500000000000000e+02
2.520000000000000000e+02
2.537500000000000000e+02
2.568007933489099059e+01
2.637561810574356969e+01
2.498454056403841150e+01
2.498454056403841150e+01
3.124438950171162332e+01
2.568007933489099059e+01
2.498454056403841150e+01
1.037822637613430743e+01
4.813916209313674699e+00
1.524699777210236107e+01
3.193992827256420242e+01
2.846223441830130696e+01
5.976147910666736607e+01
5.976147910666736607e+01
5.837040156496220789e+01
1.223599684833994274e+02
1.411395152964190345e+02
1.404439765255664554e+02
2.002603108188882004e+02
2.023469271314459377e+02
2.030424659022985168e+02
1.981736945063304631e+02
1.981736945063304631e+02
1.974781557354778840e+02
2.023469271314459377e+02
1.988692332771830422e+02
2.023469271314459377e+02
2.371238656740748638e+02
2.371238656740748638e+02
2.510346410911264456e+02
2.385149432157800220e+02
7.854102591968697311e+01
7.854102591968697311e+01
7.784548714883439402e+01
4.932839754387867970e+01
4.932839754387867970e+01
