4.000000000000000000e+00
5.000000000000000000e+00
8.000000000000000000e+00
7.000000000000000000e+00
8.500000000000000000e+00
9.333333333333333925e+00
1.183333333333333393e+01
1.300000000000000000e+01
1.700000000000000000e+01
2.200000000000000000e+01
3.033333333333333215e+01
3.100000000000000000e+01
3.216666666666666430e+01
4.300000000000000000e+01
4.300000000000000000e+01
4.500000000000000000e+01
4.700000000000000000e+01
4.800000000000000000e+01
4.900000000000000000e+01
4.900000000000000000e+01
5.016666666666666430e+01
5.100000000000000000e+01
5.150000000000000000e+01
5.550000000000000000e+01
5.900000000000000000e+01
5.857142857142856940e+01
5.825000000000000000e+01
5.860000000000000142e+01
5.950000000000000000e+01
6.200000000000000000e+01
6.300000000000000000e+01
6.350000000000000000e+01
6.350000000000000000e+01
6.400000000000000000e+01
6.866666666666667140e+01
6.933333333333332860e+01
7.466666666666667140e+01
7.450000000000000000e+01
7.500000000000000000e+01
7.533333333333332860e+01
7.900000000000000000e+01
7.850000000000000000e+01
7.940000000000000568e+01
7.966666666666667140e+01
9.100000000000000000e+01
9.050000000000000000e+01
1.076666666666666714e+02
1.230000000000000000e+02
1.250000000000000000e+02
1.250000000000000000e+02
1.271666666666666714e+02
1.290000000000000000e+02
1.302500000000000000e+02
1.320000000000000000e+02
1.404000000000000057e+02
1.450000000000000000e+02
1.520000000000000000e+02
1.640000000000000000e+02
1.643333333333333428e+02
1.710000000000000000e+02
1.708000000000000114e+02
1.745000000000000000e+02
1.750000000000000000e+02
1.793333333333333428e+02
1.807500000000000000e+02
1.820000000000000000e+02
1.821999999999999886e+02
1.830000000000000000e+02
1.880000000000000000e+02
1.950000000000000000e+02
1.945000000000000000e+02
1.960000000000000000e+02
1.970000000000000000e+02
1.990000000000000000e+02
1.980000000000000000e+02
1.985000000000000000e+02
1.983333333333333428e+02
2.001666666666666572e+02
1.998000000000000114e+02
2.000000000000000000e+02
2.010000000000000000e+02
2.010000000000000000e+02
2.010000000000000000e+02
2.015714285714285836e+02
2.024000000000000057e+02
2.040000000000000000e+02
2.060000000000000000e+02
2.150000000000000000e+02
2.155000000000000000e+02
2.164000000000000057e+02
2.165000000000000000e+02
2.180000000000000000e+02
2.180000000000000000e+02
2.200000000000000000e+02
2.208333333333333428e+02
2.220000000000000000e+02
2.235000000000000000e+02
2.257500000000000000e+02
2.325000000000000000e+02
2.340000000000000000e+02
2.335000000000000000e+02
2.350000000000000000e+02
2.345000000000000000e+02
2.360000000000000000e+02
2.363333333333333428e+02
2.366666666666666572e+02
2.378000000000000114e+02
2.380000000000000000e+02
2.380000000000000000e+02
2.390000000000000000e+02
2.400000000000000000e+02
2.400000000000000000e+02
2.413333333333333428e+02
2.420000000000000000e+02
2.462500000000000000e+02
2.465000000000000000e+02
2.501999999999999886e+02
2.500000000000000000e+02
2.514000000000000057e+02
2.525000000000000000e+02
2.520000000000000000e+02
2.545000000000000000e+02
2.915777318915388605e+01
2.428900179318588926e+01
2.846223441830130696e+01
2.428900179318588926e+01
2.498454056403841150e+01
3.054885073085904423e+01
2.568007933489099059e+01
1.037822637613430743e+01
2.637561810574356969e+01
2.498454056403841150e+01
2.846223441830130696e+01
2.637561810574356969e+01
2.846223441830130696e+01
5.906594033581478698e+01
5.976147910666736607e+01
6.463025050263541971e+01
6.045701787751994516e+01
4.654624246046836333e+01
4.863285877302610061e+01
1.251421235668097438e+02
1.216644297125468484e+02
2.002603108188882004e+02
2.517301798619789963e+02
6.393471173178284062e+01
1.411395152964190345e+02
2.707115687659614878e+01
2.846223441830130696e+01
