2.750000000000000000e+00
5.000000000000000000e+00
5.666666666666666963e+00
6.000000000000000000e+00
7.000000000000000000e+00
1.075000000000000000e+01
1.100000000000000000e+01
1.166666666666666607e+01
1.450000000000000000e+01
1.800000000000000000e+01
2.400000000000000000e+01
2.433333333333333215e+01
2.500000000000000000e+01
2.500000000000000000e+01
2.500000000000000000e+01
2.533333333333333215e+01
2.675000000000000000e+01
2.650000000000000000e+01
2.850000000000000000e+01
2.983333333333333215e+01
3.133333333333333215e+01
3.325000000000000000e+01
4.400000000000000000e+01
4.400000000000000000e+01
4.500000000000000000e+01
4.600000000000000000e+01
4.666666666666666430e+01
4.825000000000000000e+01
4.900000000000000000e+01
4.875000000000000000e+01
5.050000000000000000e+01
5.133333333333333570e+01
5.525000000000000000e+01
5.600000000000000000e+01
5.725000000000000000e+01
5.833333333333333570e+01
5.825000000000000000e+01
5.866666666666666430e+01
6.037500000000000000e+01
6.000000000000000000e+01
6.175000000000000000e+01
6.300000000000000000e+01
6.300000000000000000e+01
6.366666666666666430e+01
6.433333333333332860e+01
6.500000000000000000e+01
7.000000000000000000e+01
7.020000000000000284e+01
7.150000000000000000e+01
7.450000000000000000e+01
7.466666666666667140e+01
7.566666666666667140e+01
7.966666666666667140e+01
7.900000000000000000e+01
8.066666666666667140e+01
9.100000000000000000e+01
9.075000000000000000e+01
1.080000000000000000e+02
1.106666666666666714e+02
1.232500000000000000e+02
1.246666666666666714e+02
1.262000000000000028e+02
1.270000000000000000e+02
1.273333333333333286e+02
1.280000000000000000e+02
1.285000000000000000e+02
1.312500000000000000e+02
1.375000000000000000e+02
1.405000000000000000e+02
1.415000000000000000e+02
1.453333333333333428e+02
1.520000000000000000e+02
1.660000000000000000e+02
1.660000000000000000e+02
1.706666666666666572e+02
1.713333333333333428e+02
1.790000000000000000e+02
1.803333333333333428e+02
1.810000000000000000e+02
1.810000000000000000e+02
1.820000000000000000e+02
1.822500000000000000e+02
1.837500000000000000e+02
1.843333333333333428e+02
1.880000000000000000e+02
1.960000000000000000e+02
1.965000000000000000e+02
1.965000000000000000e+02
1.976666666666666572e+02
1.980000000000000000e+02
1.987500000000000000e+02
1.980000000000000000e+02
1.990000000000000000e+02
2.010000000000000000e+02
2.005000000000000000e+02
2.000000000000000000e+02
2.015000000000000000e+02
2.010000000000000000e+02
2.020000000000000000e+02
2.020000000000000000e+02
2.020000000000000000e+02
2.040000000000000000e+02
2.062500000000000000e+02
2.160000000000000000e+02
2.152500000000000000e+02
2.160000000000000000e+02
2.150000000000000000e+02
2.186666666666666572e+02
2.210000000000000000e+02
2.205000000000000000e+02
2.215000000000000000e+02
2.230000000000000000e+02
2.260000000000000000e+02
2.263333333333333428e+02
2.323333333333333428e+02
2.327500000000000000e+02
2.353333333333333428e+02
2.360000000000000000e+02
2.363333333333333428e+02
2.363333333333333428e+02
2.373333333333333428e+02
2.385000000000000000e+02
2.383333333333333428e+02
2.385000000000000000e+02
2.395000000000000000e+02
2.420000000000000000e+02
2.420000000000000000e+02
2.426666666666666572e+02
2.465000000000000000e+02
2.490000000000000000e+02
2.503333333333333428e+02
2.543333333333333428e+02
2.707115687659614878e+01
2.637561810574356969e+01
3.054885073085904423e+01
3.054885073085904423e+01
2.637561810574356969e+01
2.707115687659614878e+01
1.524699777210236107e+01
9.682687605281728338e+00
7.436779329457149856e+01
2.009558495897407795e+02
1.981736945063304631e+02
2.218220127153181238e+02
2.531212574036841545e+02
2.510346410911264456e+02
2.510346410911264456e+02
2.399060207574851802e+02
2.406015595283377593e+02
2.329506330489593893e+02
