0.000000000000000000e+00
6.200000000000000178e+00
6.000000000000000000e+00
8.750000000000000000e+00
1.025000000000000000e+01
9.500000000000000000e+00
1.050000000000000000e+01
1.000000000000000000e+01
1.600000000000000000e+01
1.900000000000000000e+01
2.400000000000000000e+01
2.400000000000000000e+01
2.516666666666666785e+01
2.539999999999999858e+01
2.680000000000000071e+01
2.714285714285714235e+01
2.800000000000000000e+01
2.966666666666666785e+01
2.900000000000000000e+01
2.900000000000000000e+01
2.900000000000000000e+01
3.239999999999999858e+01
3.533333333333333570e+01
4.250000000000000000e+01
4.350000000000000000e+01
4.450000000000000000e+01
4.539999999999999858e+01
4.600000000000000000e+01
4.900000000000000000e+01
4.979999999999999716e+01
5.000000000000000000e+01
5.000000000000000000e+01
5.575000000000000000e+01
5.675000000000000000e+01
5.675000000000000000e+01
5.842857142857143060e+01
5.900000000000000000e+01
6.200000000000000000e+01
6.220000000000000284e+01
6.200000000000000000e+01
6.300000000000000000e+01
6.300000000000000000e+01
6.459999999999999432e+01
6.350000000000000000e+01
6.450000000000000000e+01
7.020000000000000284e+01
7.050000000000000000e+01
7.400000000000000000e+01
7.500000000000000000e+01
7.520000000000000284e+01
8.000000000000000000e+01
8.200000000000000000e+01
9.000000000000000000e+01
9.057142857142856940e+01
1.070000000000000000e+02
1.075000000000000000e+02
1.240000000000000000e+02
1.240000000000000000e+02
1.260000000000000000e+02
1.270000000000000000e+02
1.270000000000000000e+02
1.275000000000000000e+02
1.323333333333333428e+02
1.370000000000000000e+02
1.410000000000000000e+02
1.450000000000000000e+02
1.455000000000000000e+02
1.475000000000000000e+02
1.520000000000000000e+02
1.610000000000000000e+02
1.654000000000000057e+02
1.660000000000000000e+02
1.700000000000000000e+02
1.710000000000000000e+02
1.795000000000000000e+02
1.808000000000000114e+02
1.817500000000000000e+02
1.850000000000000000e+02
1.845000000000000000e+02
1.851666666666666572e+02
1.880000000000000000e+02
1.960000000000000000e+02
1.970000000000000000e+02
1.970000000000000000e+02
1.970000000000000000e+02
1.980000000000000000e+02
1.981666666666666572e+02
2.020000000000000000e+02
2.030000000000000000e+02
2.033333333333333428e+02
2.045999999999999943e+02
2.050000000000000000e+02
2.050000000000000000e+02
2.175000000000000000e+02
2.185000000000000000e+02
2.190000000000000000e+02
2.205000000000000000e+02
2.210000000000000000e+02
2.205000000000000000e+02
2.205000000000000000e+02
2.210000000000000000e+02
2.220000000000000000e+02
2.276666666666666572e+02
2.310000000000000000e+02
2.311666666666666572e+02
2.330000000000000000e+02
2.325000000000000000e+02
2.354000000000000057e+02
2.360000000000000000e+02
2.365999999999999943e+02
2.368000000000000114e+02
2.391428571428571388e+02
2.380000000000000000e+02
2.431666666666666572e+02
2.432500000000000000e+02
2.443333333333333428e+02
2.450000000000000000e+02
2.480000000000000000e+02
2.485000000000000000e+02
2.520000000000000000e+02
2.522857142857142776e+02
2.520000000000000000e+02
2.520000000000000000e+02
2.535000000000000000e+02
2.498454056403841150e+01
3.124438950171162332e+01
2.568007933489099059e+01
2.498454056403841150e+01
2.498454056403841150e+01
3.193992827256420242e+01
4.376408737705804697e+01
2.568007933489099059e+01
2.220238548062815198e+01
1.786986089224582770e+02
1.793941476933108561e+02
1.821763027767211724e+02
1.967826169646253049e+02
2.009558495897407795e+02
1.995647720480356213e+02
2.357327881323697056e+02
2.426881758408954965e+02
2.503391023202738666e+02
2.426881758408954965e+02
1.967826169646253049e+02
1.981736945063304631e+02
1.988692332771830422e+02
2.009558495897407795e+02
1.988692332771830422e+02
2.399060207574851802e+02
2.447747921534532338e+02
2.412970982991903384e+02
7.784548714883439402e+01
7.575887083627665675e+01
6.115255664837252425e+01
5.837040156496220789e+01
6.254363419007768243e+01
4.793732000217352152e+01
4.654624246046836333e+01
2.220238548062815198e+01
1.524699777210236107e+01
