2.023333333333333428e+02
2.250000000000000000e+02
1.665000000000000000e+02
2.500000000000000000e+01
7.800000000000000000e+01
1.321999999999999886e+02
1.350000000000000000e+01
3.050000000000000000e+01
9.000000000000000000e+00
4.508333333333333570e+01
2.250000000000000000e+01
2.766666666666666785e+01
1.157500000000000000e+02
5.450000000000000000e+01
1.042500000000000000e+02
8.100000000000000000e+01
1.240000000000000000e+02
1.300000000000000000e+01
4.125000000000000000e+01
8.000000000000000000e+01
1.210000000000000000e+02
1.540000000000000000e+02
1.730000000000000000e+02
1.862500000000000000e+02
1.986666666666666572e+02
2.310000000000000000e+02
2.180000000000000000e+02
1.130000000000000000e+02
6.000000000000000000e+01
7.900000000000000000e+01
3.100000000000000000e+01
9.100000000000000000e+01
9.920000000000000284e+01
1.337500000000000000e+02
1.176666666666666714e+02
1.570000000000000000e+02
1.910000000000000000e+02
2.015000000000000000e+02
1.720000000000000000e+02
2.160000000000000000e+02
2.415000000000000000e+02
1.265000000000000000e+02
1.290000000000000000e+02
2.484000000000000057e+02
1.301999999999999886e+02
1.190000000000000000e+02
2.040000000000000000e+02
2.230000000000000000e+02
2.331999999999999886e+02
2.448333333333333428e+02
2.543333333333333428e+02
1.450000000000000000e+02
1.270000000000000000e+02
2.496666666666666572e+02
1.146666666666666714e+02
2.436666666666666572e+02
9.700000000000000000e+01
1.645000000000000000e+02
1.260000000000000000e+02
1.448333333333333428e+02
6.500000000000000000e+01
1.084285714285714306e+02
1.960000000000000000e+02
2.140000000000000000e+02
2.050000000000000000e+01
8.500000000000000000e+00
2.250000000000000000e+02
2.410000000000000000e+02
2.200000000000000000e+01
4.200000000000000000e+01
1.000000000000000000e+01
5.033333333333333570e+01
6.300000000000000000e+01
2.020000000000000000e+02
2.346666666666666572e+02
5.950000000000000000e+01
8.440000000000000568e+01
3.200000000000000000e+01
9.250000000000000000e+01
1.050000000000000000e+01
1.366666666666666572e+02
1.800000000000000000e+01
5.550000000000000000e+01
6.625000000000000000e+01
1.030000000000000000e+02
4.800000000000000000e+01
3.366666666666666430e+01
5.500000000000000000e+01
7.800000000000000000e+01
9.700000000000000000e+01
2.430000000000000000e+02
1.897500000000000000e+02
6.225000000000000000e+01
9.400000000000000000e+01
1.142500000000000000e+02
1.220000000000000000e+02
1.420000000000000000e+02
1.540000000000000000e+02
1.490000000000000000e+02
1.660000000000000000e+02
1.746666666666666572e+02
1.835000000000000000e+02
1.915000000000000000e+02
2.060000000000000000e+02
2.170000000000000000e+02
1.723333333333333428e+02
1.840000000000000000e+02
1.090000000000000000e+02
1.388333333333333428e+02
1.683333333333333428e+02
6.698812693582567590e+01
3.916657610172254067e+01
7.255243710264630863e+01
7.742120849861436227e+01
6.977028201923599227e+01
6.351043308156278044e+01
6.559704939412051772e+01
8.715875129055046955e+01
9.689629408248654840e+01
8.924536760310820682e+01
8.646321251969789046e+01
1.907940281475846689e+02
1.066338368744226557e+02
1.128936858120958675e+02
1.490617018964299518e+02
1.567126283758082934e+02
1.212401510623268166e+02
1.121981470412432884e+02
1.059382981035700766e+02
1.052427593327174975e+02
1.003739879367494439e+02
3.777549856001738249e+01
3.847103733086996158e+01
2.803795576808127521e+01
3.012457208063901248e+01
1.581037059175134516e+02
1.567126283758082934e+02
1.553215508341031637e+02
2.457415910449383603e+02
2.464371298157909393e+02
2.394817421072651484e+02
2.304397380861816202e+02
7.950782481117209954e+01
7.324797587349888772e+01
7.463905341520404590e+01
6.768366570667825499e+01
