1.680000000000000000e+02
2.600000000000000000e+01
8.100000000000000000e+01
1.270000000000000000e+02
1.940000000000000000e+02
6.000000000000000000e+00
4.479999999999999716e+01
6.400000000000000000e+01
1.055999999999999943e+02
9.833333333333333925e+00
2.600000000000000000e+01
5.550000000000000000e+01
1.165000000000000000e+02
6.583333333333332860e+01
4.660000000000000142e+01
1.236666666666666714e+02
4.300000000000000000e+01
1.400000000000000000e+01
8.200000000000000000e+01
1.220000000000000000e+02
1.570000000000000000e+02
1.760000000000000000e+02
1.885000000000000000e+02
1.970000000000000000e+02
2.215000000000000000e+02
2.300000000000000000e+02
1.140000000000000000e+02
6.000000000000000000e+01
7.750000000000000000e+01
8.166666666666667140e+01
1.215000000000000000e+02
1.262000000000000028e+02
3.100000000000000000e+01
1.330000000000000000e+02
1.567500000000000000e+02
1.700000000000000000e+02
1.917500000000000000e+02
2.110000000000000000e+02
2.200000000000000000e+02
2.333333333333333428e+02
1.300000000000000000e+02
2.405999999999999943e+02
1.322500000000000000e+02
2.480000000000000000e+02
1.301666666666666572e+02
1.113333333333333286e+02
2.000000000000000000e+02
2.335000000000000000e+02
2.190000000000000000e+02
2.392500000000000000e+02
1.300000000000000000e+02
1.461999999999999886e+02
2.468333333333333428e+02
1.145000000000000000e+02
2.536666666666666572e+02
1.142000000000000028e+02
1.440000000000000000e+02
9.766666666666667140e+01
1.260000000000000000e+02
1.460000000000000000e+02
2.458333333333333428e+02
1.644000000000000057e+02
6.575000000000000000e+01
1.050000000000000000e+02
1.950000000000000000e+02
2.200000000000000000e+02
2.100000000000000000e+01
3.000000000000000000e+00
1.562500000000000000e+02
1.490000000000000000e+02
2.280000000000000000e+02
2.406666666666666572e+02
1.100000000000000000e+01
2.600000000000000000e+01
3.966666666666666430e+01
5.400000000000000000e+01
6.675000000000000000e+01
2.020000000000000000e+02
2.330000000000000000e+02
3.316666666666666430e+01
5.539999999999999858e+01
8.000000000000000000e+00
7.400000000000000000e+01
8.700000000000000000e+01
6.720000000000000284e+01
1.210000000000000000e+02
2.100000000000000000e+01
9.125000000000000000e+01
1.325000000000000000e+02
7.250000000000000000e+01
1.068888888888888857e+02
1.395000000000000000e+02
1.181666666666666714e+02
8.440000000000000568e+01
1.053333333333333286e+02
2.800000000000000000e+01
4.800000000000000000e+01
7.900000000000000000e+01
7.300000000000000000e+01
9.400000000000000000e+01
5.825000000000000000e+01
1.950000000000000000e+02
4.400000000000000000e+01
2.410000000000000000e+02
3.679999999999999716e+01
2.800000000000000000e+01
5.800000000000000000e+01
9.333333333333332860e+01
1.150000000000000000e+02
1.255000000000000000e+02
1.430000000000000000e+02
1.564000000000000057e+02
1.647500000000000000e+02
1.800000000000000000e+02
1.935000000000000000e+02
2.090000000000000000e+02
2.193333333333333428e+02
1.734000000000000057e+02
5.000000000000000000e-01
1.135000000000000000e+02
1.378571428571428612e+02
1.846666666666666572e+02
7.185689833179372954e+01
7.185689833179372954e+01
8.854982883225562773e+01
8.159444112372983682e+01
8.507213497799273227e+01
9.063644514481336500e+01
9.898291039504428568e+01
2.019226484812259343e+02
2.471326685866435184e+02
1.650590936260392425e+02
1.031561430201597602e+02
9.828737162419170659e+01
1.142847633538010257e+02
1.448884692713144773e+02
1.601903222300711889e+02
1.525393957506928473e+02
1.441929305004618982e+02
1.880118730641743525e+02
3.290672716404932885e+01
1.045472205618649184e+02
1.191535347497690793e+02
