2.460000000000000000e+02
1.800000000000000000e+02
1.653333333333333428e+02
2.675000000000000000e+01
8.166666666666667140e+01
1.235000000000000000e+02
1.970000000000000000e+02
7.750000000000000000e+00
1.219999999999999929e+01
4.700000000000000000e+01
6.600000000000000000e+01
4.000000000000000000e+00
1.275999999999999943e+02
7.400000000000000000e+01
1.050000000000000000e+02
1.314000000000000057e+02
4.700000000000000000e+01
2.100000000000000000e+01
1.010000000000000000e+02
8.900000000000000000e+01
1.230000000000000000e+02
1.615000000000000000e+02
1.882500000000000000e+02
1.810000000000000000e+02
1.970000000000000000e+02
2.320000000000000000e+02
2.226666666666666572e+02
8.200000000000000000e+01
1.165000000000000000e+02
9.720000000000000284e+01
6.400000000000000000e+01
8.950000000000000000e+01
3.100000000000000000e+01
1.115999999999999943e+02
1.206666666666666714e+02
1.237999999999999972e+02
1.335000000000000000e+02
1.600000000000000000e+02
1.810000000000000000e+02
1.900000000000000000e+02
2.010000000000000000e+02
2.210000000000000000e+02
2.370000000000000000e+02
2.473333333333333428e+02
1.415000000000000000e+02
1.135000000000000000e+02
1.230000000000000000e+02
1.353333333333333428e+02
2.286666666666666572e+02
2.010000000000000000e+02
2.323333333333333428e+02
2.375999999999999943e+02
2.444000000000000057e+02
1.490000000000000000e+02
1.320000000000000000e+02
2.460000000000000000e+02
1.150000000000000000e+02
2.550000000000000000e+02
1.040000000000000000e+02
1.340000000000000000e+02
1.440000000000000000e+02
1.653333333333333428e+02
1.035000000000000000e+02
1.220000000000000000e+02
1.555000000000000000e+02
1.036666666666666714e+02
2.461999999999999886e+02
1.635000000000000000e+02
7.666666666666667140e+01
1.170000000000000000e+02
1.958000000000000114e+02
2.320000000000000000e+02
2.600000000000000000e+01
2.550000000000000000e+02
9.000000000000000000e+00
1.483333333333333428e+02
1.540000000000000000e+02
2.470000000000000000e+02
1.775000000000000000e+01
5.400000000000000000e+01
7.700000000000000000e+01
6.700000000000000000e+01
2.020000000000000000e+02
2.460000000000000000e+02
1.400000000000000000e+01
1.063333333333333286e+02
1.135000000000000000e+02
6.300000000000000000e+01
7.220000000000000284e+01
3.533333333333333570e+01
9.042857142857143060e+01
3.125000000000000000e+01
1.500000000000000000e+02
9.600000000000000000e+01
1.015000000000000000e+02
1.106666666666666714e+02
1.366666666666666572e+02
1.235000000000000000e+02
1.450000000000000000e+02
6.666666666666666297e-01
8.400000000000000000e+01
1.075000000000000000e+02
4.000000000000000000e+01
5.700000000000000000e+01
9.875000000000000000e+01
6.666666666666667140e+01
1.976666666666666572e+02
2.416666666666666572e+02
5.875000000000000000e+01
6.900000000000000000e+01
9.500000000000000000e+01
1.280000000000000000e+02
1.400000000000000000e+02
1.106666666666666714e+02
1.515000000000000000e+02
1.613333333333333428e+02
1.706666666666666572e+02
1.865000000000000000e+02
2.055000000000000000e+02
2.200000000000000000e+02
9.000000000000000000e+00
1.175000000000000000e+02
1.420000000000000000e+02
1.730000000000000000e+02
1.650000000000000000e+02
1.896666666666666572e+02
1.820000000000000000e+02
9.272306145737110228e+01
8.785429006140304864e+01
9.133198391566594410e+01
8.715875129055046955e+01
8.298551866543499500e+01
5.864166168559475523e+01
3.777549856001738249e+01
2.664687822637613124e+01
2.366995870238548321e+02
1.539304732923980055e+02
1.469750855838722146e+02
1.587992446883660307e+02
8.507213497799273227e+01
8.020336358202467864e+01
8.159444112372983682e+01
3.360226593490190794e+01
4.125319241428027794e+01
5.933720045644733432e+01
3.151564962234417067e+01
3.847103733086996158e+01
2.595133945552355215e+01
