2.010000000000000000e+02
2.292500000000000000e+02
1.800000000000000000e+02
3.200000000000000000e+01
1.250000000000000000e+02
2.140000000000000000e+02
4.139999999999999858e+01
9.199999999999999289e+00
8.300000000000000000e+01
4.800000000000000000e+01
5.520000000000000284e+01
6.239999999999999858e+01
7.300000000000000000e+01
9.975000000000000000e+01
8.083333333333332860e+01
1.140000000000000000e+02
3.400000000000000000e+01
5.000000000000000000e+01
8.700000000000000000e+01
1.206666666666666714e+02
1.330000000000000000e+02
1.440000000000000000e+02
1.822500000000000000e+02
1.930000000000000000e+02
2.011999999999999886e+02
2.400000000000000000e+02
1.110000000000000000e+02
5.500000000000000000e+00
8.866666666666667140e+01
3.100000000000000000e+01
7.240000000000000568e+01
1.040000000000000000e+02
1.275000000000000000e+02
1.610000000000000000e+02
1.910000000000000000e+02
1.245000000000000000e+02
2.020000000000000000e+02
2.383333333333333428e+02
2.470000000000000000e+02
1.426666666666666572e+02
1.155000000000000000e+02
1.250000000000000000e+02
1.340000000000000000e+02
1.420000000000000000e+02
1.430000000000000000e+02
1.350000000000000000e+02
1.540000000000000000e+02
1.150000000000000000e+02
1.155000000000000000e+02
1.266666666666666714e+02
1.510000000000000000e+02
1.120000000000000000e+02
2.500000000000000000e+02
1.403333333333333428e+02
1.645000000000000000e+02
8.375000000000000000e+01
1.970000000000000000e+02
2.495000000000000000e+02
2.900000000000000000e+01
1.500000000000000000e+01
1.500000000000000000e+02
1.608000000000000114e+02
2.441999999999999886e+02
2.475000000000000000e+02
2.400000000000000000e+01
4.120000000000000284e+01
6.100000000000000000e+01
7.950000000000000000e+01
6.750000000000000000e+01
2.010000000000000000e+02
2.535000000000000000e+02
8.050000000000000000e+01
1.600000000000000000e+01
4.750000000000000000e+01
7.500000000000000000e+01
8.550000000000000000e+01
6.400000000000000000e+01
3.900000000000000000e+01
7.300000000000000000e+01
1.482500000000000000e+02
1.720000000000000000e+02
7.266666666666667140e+01
3.333333333333333148e-01
4.333333333333333570e+01
9.379999999999999716e+01
1.015000000000000000e+02
2.030000000000000000e+02
6.675000000000000000e+01
8.740000000000000568e+01
1.110000000000000000e+02
2.473333333333333428e+02
1.700000000000000000e+01
2.900000000000000000e+01
4.300000000000000000e+01
9.500000000000000000e+01
7.500000000000000000e+01
1.140000000000000000e+02
1.394000000000000057e+02
1.280000000000000000e+02
1.640000000000000000e+02
1.990000000000000000e+02
1.534285714285714164e+02
1.945000000000000000e+02
2.225000000000000000e+02
2.310000000000000000e+02
1.894000000000000057e+02
1.200000000000000000e+01
1.301666666666666572e+02
1.467500000000000000e+02
1.560000000000000000e+02
1.967500000000000000e+02
1.810000000000000000e+02
1.760487420529260305e+01
3.221118839319674976e+01
8.715875129055046955e+01
9.272306145737110228e+01
9.620075531163396931e+01
1.121981470412432884e+02
1.170669184372113421e+02
8.785429006140304864e+01
5.085176329946193619e+00
1.412718035102972181e+01
1.393241591044938446e+02
1.386286203336412655e+02
1.386286203336412655e+02
1.170669184372113421e+02
9.550521654078139022e+01
1.615813997717763471e+02
1.240223061457371330e+02
1.302821550834103448e+02
1.393241591044938446e+02
1.323687713959680536e+02
1.240223061457371330e+02
1.142847633538010257e+02
1.191535347497690793e+02
1.031561430201597602e+02
1.059382981035700766e+02
9.550521654078139022e+01
8.924536760310820682e+01
1.810564853556485616e+02
1.727100201054176125e+02
1.706234037928598752e+02
2.060958811063414089e+02
2.506103624409064139e+02
2.401772808781177275e+02
2.130512688148671998e+02
2.262665054610661457e+02
2.207021952942455130e+02
