2.065000000000000000e+02
1.855000000000000000e+02
9.500000000000000000e+00
1.820000000000000000e+02
1.775000000000000000e+02
3.333333333333333570e+01
1.371666666666666572e+02
1.800000000000000000e+01
2.205000000000000000e+02
1.019999999999999929e+01
1.176666666666666714e+02
1.217500000000000000e+02
1.488333333333333428e+02
3.875000000000000000e+01
4.800000000000000000e+01
8.700000000000000000e+01
1.320000000000000000e+02
1.480000000000000000e+02
1.100000000000000000e+02
1.900000000000000000e+02
2.021666666666666572e+02
2.440000000000000000e+02
2.300000000000000000e+02
1.250000000000000000e+01
3.125000000000000000e+01
7.742857142857143060e+01
1.030000000000000000e+02
1.167999999999999972e+02
9.800000000000000000e+01
1.700000000000000000e+02
2.020000000000000000e+02
1.905000000000000000e+02
1.980000000000000000e+02
2.216666666666666572e+02
2.473333333333333428e+02
1.333333333333333259e+00
1.146666666666666714e+02
1.245000000000000000e+02
1.370000000000000000e+02
1.473333333333333428e+02
2.250000000000000000e+02
2.380000000000000000e+02
2.468000000000000114e+02
2.346666666666666572e+02
1.400000000000000000e+02
1.555000000000000000e+02
1.163333333333333286e+02
1.490000000000000000e+02
1.350000000000000000e+02
1.560000000000000000e+02
1.168333333333333286e+02
1.760000000000000000e+02
2.470000000000000000e+02
1.660000000000000000e+02
8.820000000000000284e+01
1.970000000000000000e+02
3.500000000000000000e+01
1.900000000000000000e+01
4.333333333333333037e+00
1.550000000000000000e+02
1.624000000000000057e+02
2.505000000000000000e+02
2.550000000000000000e+02
2.933333333333333215e+01
4.475000000000000000e+01
6.600000000000000000e+01
7.840000000000000568e+01
9.800000000000000000e+01
2.020000000000000000e+02
4.000000000000000000e+00
8.550000000000000000e+01
1.500000000000000000e+01
1.010000000000000000e+02
4.739999999999999858e+01
8.650000000000000000e+01
1.130000000000000000e+02
1.163333333333333286e+02
8.016666666666667140e+01
1.385999999999999943e+02
1.480000000000000000e+02
6.300000000000000000e+01
1.610000000000000000e+02
8.950000000000000000e+01
9.485714285714286120e+01
1.122000000000000028e+02
1.190000000000000000e+02
1.820000000000000000e+02
7.275000000000000000e+01
9.450000000000000000e+01
1.042000000000000028e+02
2.500000000000000000e+00
4.800000000000000000e+01
7.300000000000000000e+01
7.200000000000000000e+01
9.216666666666667140e+01
2.510000000000000000e+02
1.155000000000000000e+02
2.000000000000000000e+02
2.350000000000000000e+01
3.100000000000000000e+01
4.800000000000000000e+01
9.800000000000000000e+01
1.460000000000000000e+02
1.180000000000000000e+02
1.326666666666666572e+02
1.543333333333333428e+02
1.684000000000000057e+02
1.795000000000000000e+02
1.840000000000000000e+02
2.030000000000000000e+02
8.600000000000000000e+01
2.110000000000000000e+02
2.273333333333333428e+02
2.365999999999999943e+02
2.025000000000000000e+01
1.835000000000000000e+02
1.375999999999999943e+02
1.470000000000000000e+02
1.948000000000000114e+02
1.605000000000000000e+02
1.670000000000000000e+02
2.035000000000000000e+02
7.742120849861436227e+01
8.854982883225562773e+01
8.576767374884531137e+01
8.159444112372983682e+01
9.550521654078139022e+01
9.759183285333912750e+01
1.031561430201597602e+02
9.272306145737110228e+01
4.612196381024833158e+01
5.168627397706896431e+01
3.707995978916480340e+01
2.595133945552355215e+01
1.551825789273486578e+01
1.323687713959680536e+02
1.393241591044938446e+02
1.483661631255773727e+02
1.490617018964299518e+02
1.393241591044938446e+02
1.970538770852578807e+02
1.699278650220072961e+02
1.261089224582948702e+02
1.254133836874422911e+02
1.761877139596805080e+02
2.506103624409064139e+02
1.275000000000000284e+02
6.907474324838341317e+01
6.003273922729988499e+01
