1.577500000000000000e+02
2.170000000000000000e+02
1.856666666666666572e+02
1.100000000000000000e+01
0.000000000000000000e+00
3.200000000000000000e+01
9.350000000000000000e+01
1.406666666666666572e+02
1.825000000000000000e+02
2.260000000000000000e+02
2.516666666666666785e+01
1.433333333333333393e+01
5.400000000000000000e+01
6.100000000000000000e+01
8.850000000000000000e+01
1.033333333333333286e+02
1.120000000000000000e+02
1.245000000000000000e+02
2.100000000000000000e+01
8.466666666666667140e+01
1.596666666666666572e+02
1.322500000000000000e+02
3.575000000000000000e+01
4.725000000000000000e+01
8.650000000000000000e+01
1.100000000000000000e+02
1.403333333333333428e+02
1.620000000000000000e+02
1.857500000000000000e+02
2.007500000000000000e+02
2.040000000000000000e+02
2.486666666666666572e+02
2.350000000000000000e+02
8.500000000000000000e+00
1.290000000000000000e+02
2.933333333333333215e+01
8.600000000000000000e+01
1.066666666666666714e+02
1.208750000000000000e+02
1.430000000000000000e+02
1.780000000000000000e+02
1.937500000000000000e+02
2.030000000000000000e+02
2.243333333333333428e+02
2.173333333333333428e+02
2.540000000000000000e+02
1.390000000000000000e+02
1.515999999999999943e+02
2.485000000000000000e+02
1.105000000000000000e+02
1.403333333333333428e+02
1.243333333333333286e+02
2.306666666666666572e+02
2.400000000000000000e+02
2.496666666666666572e+02
1.440000000000000000e+02
1.587500000000000000e+02
1.170000000000000000e+02
1.626666666666666572e+02
1.362500000000000000e+02
1.606666666666666572e+02
1.718000000000000114e+02
1.850000000000000000e+02
1.183333333333333286e+02
1.427500000000000000e+02
2.475000000000000000e+02
1.650000000000000000e+02
1.000000000000000000e+00
9.200000000000000000e+01
1.495000000000000000e+02
1.973333333333333428e+02
3.700000000000000000e+01
1.200000000000000000e+01
2.550000000000000000e+01
1.556666666666666572e+02
1.633333333333333428e+02
3.400000000000000000e+01
4.866666666666666430e+01
7.200000000000000000e+01
7.550000000000000000e+01
6.850000000000000000e+01
9.100000000000000000e+01
1.170000000000000000e+02
9.466666666666667140e+01
2.010000000000000000e+02
4.675000000000000000e+01
2.000000000000000000e+00
8.500000000000000000e+01
2.266666666666666785e+01
6.250000000000000000e+01
9.000000000000000000e+01
9.850000000000000000e+01
3.900000000000000000e+01
7.000000000000000000e+01
8.100000000000000000e+01
1.070000000000000000e+02
1.350000000000000000e+02
1.450000000000000000e+02
1.540000000000000000e+02
1.730000000000000000e+02
9.100000000000000000e+01
1.252500000000000000e+02
1.890000000000000000e+02
5.000000000000000000e+00
5.400000000000000000e+01
6.700000000000000000e+01
9.150000000000000000e+01
1.153333333333333286e+02
7.700000000000000000e+01
1.225000000000000000e+02
1.025000000000000000e+02
1.500000000000000000e+02
2.110000000000000000e+02
1.993333333333333428e+02
2.766666666666666785e+01
4.300000000000000000e+01
1.073333333333333286e+02
1.580000000000000000e+02
1.216666666666666714e+02
1.313333333333333428e+02
1.453333333333333428e+02
1.710000000000000000e+02
1.846666666666666572e+02
2.040000000000000000e+02
1.955000000000000000e+02
2.380000000000000000e+02
2.450000000000000000e+02
1.973333333333333428e+02
2.850000000000000000e+01
8.700000000000000000e+01
1.423333333333333428e+02
2.056666666666666572e+02
7.881228604031952045e+01
6.907474324838341317e+01
9.759183285333912750e+01
9.411413899907626046e+01
3.638442101831222431e+01
4.403534749769059431e+01
2.247364560126065669e+01
1.830041297614518214e+01
1.504527794381351100e+02
1.156758408955061839e+02
1.184579959789165002e+02
9.550521654078139022e+01
1.692323262511547171e+02
1.657546323968918216e+02
1.615813997717763471e+02
2.227888116068032502e+02
2.144423463565723580e+02
3.360226593490190794e+01
