1.800000000000000000e+02
2.160000000000000142e+01
7.000000000000000000e+00
1.870000000000000000e+02
1.055000000000000000e+02
2.115000000000000000e+02
2.950000000000000000e+01
4.000000000000000000e+01
2.370000000000000000e+02
1.800000000000000000e+02
7.500000000000000000e-01
5.600000000000000000e+01
4.116666666666666430e+01
4.979999999999999716e+01
1.960000000000000142e+01
7.528571428571429180e+01
1.322500000000000000e+02
1.006666666666666714e+02
1.160000000000000000e+02
1.250000000000000000e+02
1.630000000000000000e+02
6.320000000000000284e+01
1.476666666666666572e+02
1.100000000000000000e+01
5.850000000000000000e+01
1.905000000000000000e+02
8.779999999999999716e+01
1.377500000000000000e+02
1.797500000000000000e+02
2.010000000000000000e+02
2.340000000000000000e+02
2.490000000000000000e+02
1.200000000000000000e+01
1.875000000000000000e+01
4.700000000000000000e+01
9.871428571428570820e+01
3.100000000000000000e+01
1.137500000000000000e+02
1.675999999999999943e+02
1.765000000000000000e+02
1.910000000000000000e+02
2.030000000000000000e+02
1.262000000000000028e+02
2.210000000000000000e+02
2.315000000000000000e+02
6.599999999999999645e+00
2.475000000000000000e+02
1.107500000000000000e+02
1.270000000000000000e+02
1.524000000000000057e+02
2.410000000000000000e+02
2.532500000000000000e+02
1.420000000000000000e+02
1.607142857142857224e+02
1.740000000000000000e+02
1.195000000000000000e+02
1.240000000000000000e+02
1.570000000000000000e+02
1.782500000000000000e+02
1.350000000000000000e+02
1.890000000000000000e+02
1.525000000000000000e+02
1.636666666666666572e+02
8.000000000000000000e+00
9.800000000000000000e+01
1.970000000000000000e+02
1.765000000000000000e+02
2.485000000000000000e+02
3.700000000000000000e+01
2.530000000000000000e+02
2.119999999999999929e+01
3.100000000000000000e+01
1.560000000000000000e+02
1.640000000000000000e+02
4.500000000000000000e+00
8.040000000000000568e+01
6.725000000000000000e+01
8.600000000000000000e+01
9.800000000000000000e+01
1.281666666666666572e+02
2.020000000000000000e+02
9.750000000000000000e+00
1.525000000000000000e+01
5.900000000000000000e+01
1.133333333333333286e+02
3.700000000000000000e+01
4.616666666666666430e+01
1.860000000000000000e+02
1.740000000000000000e+02
1.206666666666666714e+02
1.311999999999999886e+02
1.460000000000000000e+02
1.600000000000000000e+02
7.850000000000000000e+01
6.750000000000000000e+01
9.000000000000000000e+01
1.015000000000000000e+02
1.147500000000000000e+02
1.200000000000000000e+02
1.235000000000000000e+02
2.060000000000000000e+02
1.640000000000000000e+02
2.513333333333333428e+02
3.100000000000000000e+01
2.028333333333333428e+02
5.100000000000000000e+01
1.865000000000000000e+02
1.152000000000000028e+02
1.220000000000000000e+02
1.411999999999999886e+02
1.565999999999999943e+02
1.740000000000000000e+02
1.895000000000000000e+02
1.408333333333333428e+02
1.660000000000000000e+02
1.066666666666666714e+02
2.150000000000000000e+02
1.070000000000000000e+02
4.250000000000000000e+01
1.530000000000000000e+02
1.668571428571428612e+02
1.780000000000000000e+02
1.897500000000000000e+02
2.130000000000000000e+02
9.550521654078139022e+01
8.994090637396078591e+01
9.133198391566594410e+01
8.785429006140304864e+01
8.228997989458241591e+01
8.228997989458241591e+01
5.168627397706896431e+01
3.499334347660706612e+01
2.734241699722871033e+01
4.403534749769059431e+01
5.029519643536380613e+01
5.864166168559475523e+01
9.898291039504428568e+01
1.066338368744226557e+02
1.323687713959680536e+02
1.977494158561104598e+02
1.935761832309949853e+02
1.713189425637124543e+02
1.587992446883660307e+02
7.672566972776178318e+01
6.907474324838341317e+01
8.854982883225562773e+01
1.539304732923980055e+02
1.469750855838722146e+02
2.311352768570341993e+02
2.318308156278867784e+02
2.450460522740857812e+02
2.207021952942455130e+02
1.400196978753464236e+02
1.448884692713144773e+02
1.365420040210835282e+02
1.525393957506928473e+02
1.581037059175134516e+02
1.483661631255773727e+02
1.504527794381351100e+02
1.504527794381351100e+02
