1.600000000000000000e+01
1.642857142857142705e+01
1.639999999999999858e+01
1.600000000000000000e+01
4.416666666666666430e+01
4.450000000000000000e+01
4.500000000000000000e+01
5.733333333333333570e+01
6.379999999999999716e+01
7.200000000000000000e+01
7.200000000000000000e+01
7.250000000000000000e+01
7.200000000000000000e+01
7.475000000000000000e+01
7.550000000000000000e+01
7.625000000000000000e+01
7.659999999999999432e+01
7.700000000000000000e+01
7.783333333333332860e+01
7.700000000000000000e+01
7.700000000000000000e+01
7.700000000000000000e+01
7.750000000000000000e+01
7.800000000000000000e+01
7.850000000000000000e+01
9.079999999999999716e+01
9.200000000000000000e+01
9.333333333333332860e+01
1.061428571428571388e+02
1.070000000000000000e+02
1.060000000000000000e+02
1.321666666666666572e+02
1.330000000000000000e+02
1.341666666666666572e+02
1.345000000000000000e+02
1.390000000000000000e+02
1.460000000000000000e+02
1.470000000000000000e+02
1.473333333333333428e+02
1.494000000000000057e+02
1.511428571428571388e+02
1.510000000000000000e+02
1.515000000000000000e+02
1.534000000000000057e+02
1.640000000000000000e+02
1.798333333333333428e+02
1.801666666666666572e+02
1.805000000000000000e+02
1.800000000000000000e+02
1.928000000000000114e+02
1.925999999999999943e+02
1.940000000000000000e+02
2.065999999999999943e+02
2.218000000000000114e+02
2.230000000000000000e+02
2.250000000000000000e+02
2.265000000000000000e+02
2.276666666666666572e+02
2.408000000000000114e+02
2.410000000000000000e+02
2.420000000000000000e+02
2.420000000000000000e+02
2.430000000000000000e+02
1.529636744009128790e+02
1.467038254632396672e+02
1.522681356300602999e+02
2.273863228821387565e+02
2.218220127153181238e+02
2.252997065695810193e+02
2.412970982991903384e+02
2.489480247785687084e+02
2.440792533826006547e+02
2.412970982991903384e+02
2.065201597565614122e+02
1.550502907134706163e+02
1.501815193175025627e+02
1.480949030049448254e+02
1.543547519426180372e+02
9.384287887844371312e+01
7.506333206542407765e+01
7.158563821116118220e+01
7.367225452371891947e+01
7.714994837798181493e+01
1.807852252350160143e+02
