1.583333333333333393e+01
1.633333333333333215e+01
1.600000000000000000e+01
1.650000000000000000e+01
4.460000000000000142e+01
4.500000000000000000e+01
5.800000000000000000e+01
5.860000000000000142e+01
7.050000000000000000e+01
7.120000000000000284e+01
7.316666666666667140e+01
7.300000000000000000e+01
7.400000000000000000e+01
7.429999999999999716e+01
7.300000000000000000e+01
7.300000000000000000e+01
7.450000000000000000e+01
7.511111111111111427e+01
7.512500000000000000e+01
7.450000000000000000e+01
7.633333333333332860e+01
7.757142857142856940e+01
7.659999999999999432e+01
7.722222222222222854e+01
7.600000000000000000e+01
9.050000000000000000e+01
9.359999999999999432e+01
1.060000000000000000e+02
1.058333333333333286e+02
1.321999999999999886e+02
1.310000000000000000e+02
1.325000000000000000e+02
1.328000000000000114e+02
1.338750000000000000e+02
1.337500000000000000e+02
1.454000000000000057e+02
1.456666666666666572e+02
1.471999999999999886e+02
1.485000000000000000e+02
1.491666666666666572e+02
1.500000000000000000e+02
1.500000000000000000e+02
1.525714285714285836e+02
1.520000000000000000e+02
1.523333333333333428e+02
1.520000000000000000e+02
1.640000000000000000e+02
1.791666666666666572e+02
1.798000000000000114e+02
1.800000000000000000e+02
1.800000000000000000e+02
1.930000000000000000e+02
1.927142857142857224e+02
2.061428571428571388e+02
2.070000000000000000e+02
2.075000000000000000e+02
2.238000000000000114e+02
2.244000000000000057e+02
2.257500000000000000e+02
2.280000000000000000e+02
2.295000000000000000e+02
2.400000000000000000e+02
2.405000000000000000e+02
2.415999999999999943e+02
2.421999999999999886e+02
2.493333333333333428e+02
1.320975112753355063e+02
1.362707439004509808e+02
2.280818616529913356e+02
2.225175514861707029e+02
2.419926370700429175e+02
2.259952453404335984e+02
4.445962614791062606e+01
4.515516491876320515e+01
4.118377438461095608e+00
2.031761125903358334e+00
1.056670379829375293e+02
9.245180133673855494e+01
7.436779329457149856e+01
2.294729391946964938e+02
2.419926370700429175e+02
2.419926370700429175e+02
2.239086290278758611e+02
1.800896864641634352e+02
1.793941476933108561e+02
1.522681356300602999e+02
1.467038254632396672e+02
1.467038254632396672e+02
