1.600000000000000000e+01
1.628571428571428470e+01
1.600000000000000000e+01
1.650000000000000000e+01
1.666666666666666785e+01
2.475000000000000000e+01
4.450000000000000000e+01
4.450000000000000000e+01
4.500000000000000000e+01
5.744444444444444287e+01
5.700000000000000000e+01
7.100000000000000000e+01
7.100000000000000000e+01
7.200000000000000000e+01
7.100000000000000000e+01
7.200000000000000000e+01
7.250000000000000000e+01
7.285714285714286120e+01
7.325000000000000000e+01
7.583333333333332860e+01
7.550000000000000000e+01
7.679999999999999716e+01
7.783333333333332860e+01
7.700000000000000000e+01
9.150000000000000000e+01
9.300000000000000000e+01
1.070000000000000000e+02
1.321111111111111143e+02
1.335999999999999943e+02
1.332857142857142776e+02
1.345999999999999943e+02
1.380000000000000000e+02
1.463333333333333428e+02
1.500909090909090935e+02
1.470000000000000000e+02
1.485000000000000000e+02
1.480000000000000000e+02
1.490000000000000000e+02
1.511666666666666572e+02
1.525000000000000000e+02
1.525000000000000000e+02
1.518000000000000114e+02
1.521666666666666572e+02
1.533333333333333428e+02
1.640000000000000000e+02
1.801428571428571388e+02
1.800000000000000000e+02
1.790000000000000000e+02
1.800000000000000000e+02
1.800000000000000000e+02
1.930000000000000000e+02
2.065714285714285836e+02
2.057142857142857224e+02
2.075000000000000000e+02
2.210000000000000000e+02
2.225000000000000000e+02
2.232500000000000000e+02
2.240000000000000000e+02
2.243333333333333428e+02
2.265714285714285836e+02
2.293333333333333428e+02
2.398333333333333428e+02
2.415000000000000000e+02
7.854102591968697311e+01
7.228117698201376129e+01
7.714994837798181493e+01
7.158563821116118220e+01
7.297671575286634038e+01
1.327930500461880854e+02
1.327930500461880854e+02
1.529636744009128790e+02
1.529636744009128790e+02
2.239086290278758611e+02
2.419926370700429175e+02
2.419926370700429175e+02
2.461658696951583920e+02
2.503391023202738666e+02
2.412970982991903384e+02
2.412970982991903384e+02
2.412970982991903384e+02
2.239086290278758611e+02
2.252997065695810193e+02
7.367225452371891947e+01
1.320975112753355063e+02
1.307064337336303481e+02
9.453841764929629221e+01
7.436779329457149856e+01
1.063625767537901083e+02
1.049714992120849502e+02
1.334885888170406645e+02
