5.800000000000000000e+01
7.266666666666667140e+01
7.300000000000000000e+01
7.350000000000000000e+01
7.750000000000000000e+01
7.740000000000000568e+01
1.332500000000000000e+02
1.341250000000000000e+02
1.500000000000000000e+02
1.530000000000000000e+02
1.640000000000000000e+02
1.931666666666666572e+02
2.067500000000000000e+02
2.070000000000000000e+02
2.200000000000000000e+02
2.215999999999999943e+02
2.250000000000000000e+02
2.400000000000000000e+02
7.714994837798181493e+01
7.575887083627665675e+01
7.158563821116118220e+01
7.158563821116118220e+01
6.810794435689831516e+01
7.089009944030860311e+01
7.575887083627665675e+01
7.228117698201376129e+01
7.784548714883439402e+01
7.784548714883439402e+01
7.158563821116118220e+01
2.252997065695810193e+02
2.252997065695810193e+02
2.273863228821387565e+02
2.406015595283377593e+02
2.412970982991903384e+02
2.412970982991903384e+02
2.412970982991903384e+02
1.529636744009128790e+02
1.341841275878932436e+02
1.341841275878932436e+02
7.784548714883439402e+01
7.297671575286634038e+01
1.494859805466499836e+02
1.536592131717654581e+02
1.467038254632396672e+02
1.487904417757974045e+02
1.508770580883551418e+02
1.460082866923870881e+02
1.473993642340922463e+02
