1.650000000000000000e+01
1.650000000000000000e+01
3.125000000000000000e+01
3.700000000000000000e+01
4.400000000000000000e+01
4.442857142857143060e+01
5.100000000000000000e+01
5.760000000000000142e+01
5.800000000000000000e+01
7.079999999999999716e+01
7.300000000000000000e+01
7.200000000000000000e+01
7.400000000000000000e+01
7.333333333333332860e+01
7.300000000000000000e+01
7.425000000000000000e+01
7.416666666666667140e+01
7.350000000000000000e+01
7.585714285714286120e+01
7.600000000000000000e+01
7.683333333333332860e+01
7.625000000000000000e+01
7.700000000000000000e+01
7.725000000000000000e+01
7.814285714285713880e+01
7.850000000000000000e+01
7.833333333333332860e+01
9.150000000000000000e+01
1.070000000000000000e+02
1.337500000000000000e+02
1.330000000000000000e+02
1.337500000000000000e+02
1.466666666666666572e+02
1.501666666666666572e+02
1.495000000000000000e+02
1.492500000000000000e+02
1.516666666666666572e+02
1.500000000000000000e+02
1.505000000000000000e+02
1.510000000000000000e+02
1.535000000000000000e+02
1.541666666666666572e+02
1.640000000000000000e+02
1.660000000000000000e+02
1.800000000000000000e+02
1.803333333333333428e+02
1.807500000000000000e+02
1.807500000000000000e+02
1.810000000000000000e+02
1.924000000000000057e+02
1.940000000000000000e+02
2.067500000000000000e+02
2.060000000000000000e+02
2.065000000000000000e+02
2.074000000000000057e+02
2.080000000000000000e+02
2.092500000000000000e+02
2.218333333333333428e+02
2.218000000000000114e+02
2.218333333333333428e+02
2.225000000000000000e+02
2.235999999999999943e+02
2.254000000000000057e+02
2.260000000000000000e+02
2.401666666666666572e+02
2.396666666666666572e+02
2.406666666666666572e+02
2.417500000000000000e+02
2.414000000000000057e+02
1.529636744009128790e+02
1.480949030049448254e+02
1.473993642340922463e+02
2.433837146117480756e+02
2.371238656740748638e+02
2.412970982991903384e+02
2.482524860077161293e+02
1.594253654295494016e+01
1.594253654295494016e+01
1.390528989838612972e+02
1.307064337336303481e+02
1.390528989838612972e+02
1.327930500461880854e+02
1.327930500461880854e+02
