5.000000000000000000e+00
1.200000000000000000e+01
1.600000000000000000e+01
1.650000000000000000e+01
1.650000000000000000e+01
1.700000000000000000e+01
2.850000000000000000e+01
3.739999999999999858e+01
5.766666666666666430e+01
5.800000000000000000e+01
6.033333333333333570e+01
7.329999999999999716e+01
7.200000000000000000e+01
7.483333333333332860e+01
7.533333333333332860e+01
7.500000000000000000e+01
7.600000000000000000e+01
7.859999999999999432e+01
9.100000000000000000e+01
1.070000000000000000e+02
1.165000000000000000e+02
1.240000000000000000e+02
1.254285714285714306e+02
1.298000000000000114e+02
1.330000000000000000e+02
1.325000000000000000e+02
1.340000000000000000e+02
1.336666666666666572e+02
1.363333333333333428e+02
1.478333333333333428e+02
1.498000000000000114e+02
1.536666666666666572e+02
1.530000000000000000e+02
1.540000000000000000e+02
1.640000000000000000e+02
1.653333333333333428e+02
1.805000000000000000e+02
1.814000000000000057e+02
1.815000000000000000e+02
1.815000000000000000e+02
1.953333333333333428e+02
2.080000000000000000e+02
2.220000000000000000e+02
2.220000000000000000e+02
2.221666666666666572e+02
2.402500000000000000e+02
2.406666666666666572e+02
2.420000000000000000e+02
2.418333333333333428e+02
2.430000000000000000e+02
2.430000000000000000e+02
2.470000000000000000e+02
7.714994837798181493e+01
7.436779329457149856e+01
7.228117698201376129e+01
7.714994837798181493e+01
7.019456066945602402e+01
7.714994837798181493e+01
7.089009944030860311e+01
4.515516491876320515e+01
2.225175514861707029e+02
2.426881758408954965e+02
2.399060207574851802e+02
2.218220127153181238e+02
2.412970982991903384e+02
1.933049231103624379e+02
1.508770580883551418e+02
1.501815193175025627e+02
1.564413682551757745e+02
1.793941476933108561e+02
2.086067760691191495e+02
2.072156985274139913e+02
