4.200000000000000000e+01
5.228571428571428470e+01
6.679999999999999716e+01
1.650000000000000000e+02
1.596666666666666572e+02
2.085000000000000000e+02
1.985000000000000000e+02
1.933333333333333428e+02
7.740000000000000568e+01
1.417500000000000000e+02
1.687500000000000000e+02
5.150000000000000000e+01
1.620000000000000000e+02
2.300000000000000000e+02
1.485000000000000000e+02
3.800000000000000000e+01
8.779999999999999716e+01
2.517500000000000000e+02
1.348333333333333428e+02
1.545000000000000000e+02
1.655000000000000000e+02
1.815000000000000000e+02
2.005000000000000000e+02
1.755000000000000000e+02
1.910000000000000000e+02
4.339999999999999858e+01
2.245000000000000000e+02
2.276666666666666572e+02
2.238571428571428612e+02
2.370000000000000000e+02
2.480000000000000000e+02
2.328333333333333428e+02
1.737500000000000000e+02
1.881666666666666572e+02
2.145000000000000000e+02
2.032500000000000000e+02
1.240000000000000000e+02
8.500000000000000000e+01
1.606666666666666572e+02
2.271999999999999886e+02
1.617142857142857224e+02
1.701999999999999886e+02
1.245000000000000000e+02
9.279999999999999716e+01
1.812500000000000000e+02
8.816666666666667140e+01
1.528333333333333428e+02
1.105000000000000000e+02
1.710000000000000000e+02
6.360000000000000142e+01
1.558000000000000114e+02
1.460000000000000000e+02
2.280000000000000071e+01
1.340000000000000036e+01
1.815000000000000000e+02
1.698333333333333428e+02
1.400000000000000000e+01
2.203333333333333428e+02
1.535999999999999943e+02
2.080000000000000000e+02
1.910000000000000000e+02
1.595000000000000000e+02
2.220000000000000000e+02
1.504527794381351100e+02
1.428018529587567400e+02
1.428018529587567400e+02
1.970538770852578807e+02
1.914895669184372480e+02
2.081824974188991462e+02
1.991404933978156180e+02
2.033137260229310925e+02
1.949672607727001434e+02
2.664687822637613124e+01
2.998560017388456345e+00
2.165289626691300953e+02
2.339174319404445157e+02
2.526969787534641512e+02
2.485237461283486766e+02
2.422638971906754648e+02
2.429594359615280439e+02
1.754921751888279289e+02
6.211935553985762226e+01
6.977028201923599227e+01
1.337598489376732118e+02
