6.283333333333333570e+01
4.433333333333333570e+01
7.200000000000000000e+01
1.655000000000000000e+02
2.081999999999999886e+02
2.110000000000000000e+02
7.400000000000000000e+01
1.998000000000000114e+02
5.400000000000000000e+01
1.685999999999999943e+02
6.516666666666667140e+01
8.300000000000000000e+01
1.292500000000000000e+02
1.410000000000000000e+02
1.885000000000000000e+02
1.975000000000000000e+02
4.050000000000000000e+01
1.857777777777777715e+02
2.431250000000000000e+02
2.535000000000000000e+02
5.550000000000000000e+01
8.614285714285713880e+01
1.528000000000000114e+02
1.674444444444444571e+02
1.820000000000000000e+02
3.750000000000000000e+01
2.318000000000000114e+02
2.247142857142857224e+02
2.398333333333333428e+02
1.744000000000000057e+02
2.045000000000000000e+02
1.855000000000000000e+02
2.364000000000000057e+02
1.945000000000000000e+02
2.260000000000000000e+02
1.267999999999999972e+02
1.425000000000000000e+02
8.540000000000000568e+01
2.295000000000000000e+02
2.421666666666666572e+02
2.132500000000000000e+02
2.475000000000000000e+02
1.268571428571428612e+02
1.405000000000000000e+02
1.531111111111111143e+02
2.475000000000000000e+02
1.810000000000000000e+02
1.058333333333333286e+02
8.859999999999999432e+01
1.420000000000000000e+02
1.565000000000000000e+02
6.366666666666666430e+01
1.590000000000000000e+02
2.842857142857142705e+01
9.714285714285713524e+00
1.365000000000000000e+02
1.695999999999999943e+02
9.199999999999999289e+00
2.700000000000000000e+01
2.250000000000000000e+02
2.360000000000000000e+02
3.300000000000000000e+01
1.575000000000000000e+02
1.928000000000000114e+02
2.224000000000000057e+02
2.033333333333333428e+02
2.102691137314568834e+02
2.054003423354888298e+02
1.949672607727001434e+02
2.109646525023094625e+02
2.047048035646362507e+02
1.760487420529260305e+01
1.567126283758082934e+02
1.977494158561104598e+02
2.172245014399826744e+02
1.831431016682062989e+02
2.526969787534641512e+02
2.450460522740857812e+02
2.346129707112970948e+02
2.499148236700538348e+02
2.394817421072651484e+02
2.269620442319187248e+02
1.831431016682062989e+02
1.734055588762701916e+02
1.254133836874422911e+02
1.017650654784546020e+02
1.532349345215454264e+02
1.664501711677444007e+02
