5.200000000000000000e+01
6.500000000000000000e+01
8.200000000000000000e+01
1.785000000000000000e+02
2.163333333333333428e+02
1.620000000000000000e+02
2.030000000000000000e+02
2.110000000000000000e+02
1.745000000000000000e+02
9.122222222222222854e+01
2.190000000000000000e+02
3.500000000000000000e+01
8.550000000000000000e+01
6.300000000000000000e+01
1.580000000000000000e+02
2.002500000000000000e+02
7.750000000000000000e+01
1.504285714285714164e+02
1.020000000000000000e+02
5.416666666666666430e+01
2.385000000000000000e+02
1.885999999999999943e+02
1.341666666666666572e+02
1.680000000000000000e+02
3.850000000000000000e+01
2.390000000000000000e+02
2.260000000000000000e+02
1.673333333333333428e+02
1.841999999999999886e+02
2.398571428571428612e+02
2.118000000000000114e+02
2.060000000000000000e+02
1.723333333333333428e+02
1.354545454545454675e+02
1.480000000000000000e+02
2.203333333333333428e+02
1.640000000000000000e+02
2.400000000000000000e+02
1.801666666666666572e+02
9.500000000000000000e+01
1.250000000000000000e+02
1.464000000000000057e+02
1.531666666666666572e+02
1.116666666666666714e+02
1.810000000000000000e+02
9.485714285714286120e+01
1.150000000000000000e+02
1.665000000000000000e+02
1.465000000000000000e+02
1.540000000000000000e+02
1.660000000000000000e+02
2.085714285714285765e+01
4.100000000000000000e+01
1.460000000000000000e+02
1.690000000000000000e+02
1.780000000000000000e+02
3.200000000000000000e+01
4.139999999999999858e+01
1.333333333333333393e+01
2.321428571428571388e+02
2.423333333333333428e+02
4.383333333333333570e+01
1.915000000000000000e+02
1.574081671466608725e+02
1.782743302722382452e+02
1.817520241265011407e+02
1.692323262511547171e+02
1.887074118350269316e+02
2.241798891485084084e+02
2.332218931695919366e+02
2.346129707112970948e+02
2.471326685866435184e+02
2.172245014399826744e+02
2.144423463565723580e+02
2.339174319404445157e+02
2.088780361897517253e+02
2.012271097103733553e+02
1.984449546269630389e+02
1.664501711677444007e+02
1.817520241265011407e+02
1.900984893767320898e+02
2.012271097103733553e+02
9.480967776992883955e+01
1.894029506058795107e+02
1.956627995435527225e+02
2.506103624409064139e+02
2.499148236700538348e+02
2.464371298157909393e+02
2.394817421072651484e+02
2.492192848992012557e+02
