1.110000000000000000e+02
1.036666666666666714e+02
9.200000000000000000e+01
9.700000000000000000e+01
2.800000000000000000e+01
7.520000000000000284e+01
1.850000000000000000e+02
2.421250000000000000e+02
1.310000000000000000e+02
2.240000000000000000e+02
1.810000000000000000e+02
6.216666666666666430e+01
1.800000000000000000e+01
5.400000000000000000e+01
3.250000000000000000e+01
1.480000000000000071e+01
4.950000000000000000e+01
5.150000000000000000e+01
1.511483182089876891e+02
1.671457099385969798e+02
1.692323262511547171e+02
1.636680160843340843e+02
1.581037059175134516e+02
1.824475628973537198e+02
1.768832527305330871e+02
1.741010976471227707e+02
1.900984893767320898e+02
2.019226484812259343e+02
2.081824974188991462e+02
2.005315709395207762e+02
2.151378851274249371e+02
1.866207955224691943e+02
2.186155789816878325e+02
2.074869586480465671e+02
1.956627995435527225e+02
1.789698690430908243e+02
1.907940281475846689e+02
2.040092647937836716e+02
2.193111177525404116e+02
5.585950660218443886e+01
1.309776938542628955e+02
2.499148236700538348e+02
2.394817421072651484e+02
2.366995870238548321e+02
1.636680160843340843e+02
1.490617018964299518e+02
1.553215508341031637e+02
1.455840080421670564e+02
