6.150000000000000000e+01
1.025000000000000000e+02
2.302500000000000000e+02
1.630000000000000000e+02
2.172500000000000000e+02
2.242857142857142776e+02
1.250000000000000000e+02
1.991999999999999886e+02
1.935000000000000000e+02
1.554000000000000057e+02
9.600000000000000000e+01
1.760000000000000000e+02
1.167500000000000000e+02
1.343333333333333428e+02
1.780000000000000000e+02
1.900000000000000000e+02
2.058333333333333428e+02
2.145000000000000000e+02
8.442857142857143060e+01
2.460000000000000000e+02
2.716666666666666785e+01
5.575000000000000000e+01
1.570000000000000000e+02
1.010000000000000000e+02
1.804285714285714164e+02
1.675000000000000000e+02
2.053333333333333428e+02
4.450000000000000000e+01
2.450000000000000000e+02
1.850000000000000000e+02
1.985000000000000000e+02
2.450000000000000000e+02
1.465000000000000000e+02
1.118333333333333286e+02
1.245000000000000000e+02
1.817500000000000000e+02
1.704444444444444571e+02
1.780000000000000000e+02
1.980000000000000000e+02
2.442500000000000000e+02
1.385000000000000000e+02
2.338333333333333428e+02
1.810000000000000000e+02
1.900000000000000000e+01
1.076666666666666714e+02
1.365000000000000000e+02
1.727500000000000000e+02
1.810000000000000000e+02
2.111999999999999886e+02
5.320000000000000284e+01
1.920000000000000000e+02
3.262500000000000000e+01
7.100000000000000000e+01
7.350000000000000000e+01
1.631999999999999886e+02
3.600000000000000000e+01
2.080000000000000000e+02
2.416666666666666785e+01
5.839999999999999858e+01
1.698333333333333428e+02
4.250000000000000000e+01
2.088000000000000114e+02
1.941999999999999886e+02
2.170000000000000000e+02
6.116666666666666430e+01
1.026666666666666714e+02
1.073333333333333286e+02
1.990000000000000000e+02
2.075999999999999943e+02
1.594947834592186098e+02
1.601903222300711889e+02
1.664501711677444007e+02
1.838386404390588780e+02
1.852297179807640362e+02
2.262665054610661457e+02
2.081824974188991462e+02
8.994090637396078591e+01
8.228997989458241591e+01
2.172245014399826744e+02
2.102691137314568834e+02
2.102691137314568834e+02
2.186155789816878325e+02
2.339174319404445157e+02
