2.045000000000000000e+02
9.500000000000000000e+01
1.000000000000000000e+02
7.850000000000000000e+01
2.295000000000000000e+02
5.900000000000000000e+01
1.000000000000000000e+01
1.621999999999999886e+02
2.406666666666666572e+02
1.430000000000000000e+02
1.403333333333333428e+02
2.029000000000000057e+02
2.440000000000000000e+02
9.716666666666667140e+01
5.016666666666666430e+01
2.330000000000000000e+02
2.010000000000000000e+02
1.928000000000000114e+02
5.200000000000000000e+01
2.510000000000000000e+02
5.000000000000000000e-01
2.280000000000000000e+02
2.432857142857142776e+02
2.365999999999999943e+02
1.950000000000000000e+02
2.275000000000000000e+02
1.870000000000000000e+02
2.485000000000000000e+02
2.096666666666666572e+02
1.701666666666666572e+02
1.850999999999999943e+02
1.266666666666666714e+02
1.460000000000000000e+02
2.160000000000000000e+02
1.810000000000000000e+02
2.966666666666666785e+01
1.170000000000000000e+02
1.491999999999999886e+02
1.755000000000000000e+02
1.825000000000000000e+02
2.116666666666666572e+02
5.400000000000000000e+01
5.900000000000000000e+01
7.800000000000000000e+01
1.711666666666666572e+02
6.800000000000000000e+01
1.015000000000000000e+02
2.060000000000000000e+02
2.303333333333333428e+02
1.825000000000000000e+02
2.170000000000000000e+02
2.385000000000000000e+02
1.796654078139434034e+02
1.880118730641743525e+02
1.747966364179753498e+02
1.692323262511547171e+02
1.678412487094495589e+02
2.109646525023094625e+02
1.135892245829484466e+02
2.220932728359506712e+02
2.019226484812259343e+02
1.949672607727001434e+02
2.247364560126065669e+01
3.429780470575448703e+01
6.476253871651351801e+00
3.429780470575448703e+01
1.574081671466608725e+02
2.450460522740857812e+02
2.457415910449383603e+02
2.297441993153290412e+02
2.408728196489703066e+02
1.775787915013856662e+02
