2.700000000000000000e+01
4.700000000000000000e+01
5.450000000000000000e+01
6.900000000000000000e+01
6.933333333333332860e+01
7.600000000000000000e+01
8.200000000000000000e+01
9.400000000000000000e+01
9.400000000000000000e+01
9.500000000000000000e+01
9.700000000000000000e+01
9.850000000000000000e+01
1.020000000000000000e+02
1.057999999999999972e+02
1.078333333333333286e+02
1.080000000000000000e+02
1.095000000000000000e+02
1.093333333333333286e+02
1.090000000000000000e+02
1.090000000000000000e+02
1.092857142857142918e+02
1.100000000000000000e+02
1.100000000000000000e+02
1.106666666666666714e+02
1.115000000000000000e+02
1.120000000000000000e+02
1.113333333333333286e+02
1.122500000000000000e+02
1.140000000000000000e+02
1.136666666666666714e+02
1.135000000000000000e+02
1.292500000000000000e+02
1.292500000000000000e+02
1.310000000000000000e+02
1.420000000000000000e+02
1.692500000000000000e+02
1.836666666666666572e+02
1.850000000000000000e+02
1.860000000000000000e+02
1.920000000000000000e+02
2.015000000000000000e+02
2.135000000000000000e+02
2.253333333333333428e+02
2.270000000000000000e+02
2.280000000000000000e+02
2.340000000000000000e+02
2.380000000000000000e+02
2.430000000000000000e+02
2.440000000000000000e+02
2.520000000000000000e+02
2.547500000000000000e+02
6.532578927348799880e+01
6.741240558604573607e+01
1.084491930663478456e+02
1.070581155246426874e+02
1.119268869206107411e+02
2.141710862359397538e+02
2.287774004238439147e+02
1.091447318372004247e+02
6.900532521871411973e+00
2.727299896755937425e+00
3.750423843938486357e+01
