2.700000000000000000e+01
4.166666666666666430e+01
4.350000000000000000e+01
5.600000000000000000e+01
6.566666666666667140e+01
7.025000000000000000e+01
7.620000000000000284e+01
7.625000000000000000e+01
8.200000000000000000e+01
8.166666666666667140e+01
9.400000000000000000e+01
9.400000000000000000e+01
9.500000000000000000e+01
9.433333333333332860e+01
9.600000000000000000e+01
1.040000000000000000e+02
1.047500000000000000e+02
1.090000000000000000e+02
1.090000000000000000e+02
1.092500000000000000e+02
1.120000000000000000e+02
1.125000000000000000e+02
1.120000000000000000e+02
1.125000000000000000e+02
1.138333333333333286e+02
1.160000000000000000e+02
1.290000000000000000e+02
1.285000000000000000e+02
1.342500000000000000e+02
1.420000000000000000e+02
1.675000000000000000e+02
1.721999999999999886e+02
1.835000000000000000e+02
1.990000000000000000e+02
2.140000000000000000e+02
2.270000000000000000e+02
2.280000000000000000e+02
2.290000000000000000e+02
2.350000000000000000e+02
2.380000000000000000e+02
2.430000000000000000e+02
2.430000000000000000e+02
2.527500000000000000e+02
2.273863228821387565e+02
2.141710862359397538e+02
8.291610063576570155e+00
5.509454980166253790e+00
2.031761125903358334e+00
1.140135032331684783e+02
1.098402706080530038e+02
1.035804216703797920e+02
1.112313481497581620e+02
1.070581155246426874e+02
1.154045807748736365e+02
1.077536542954952665e+02
6.949902189860347335e+01
1.105358093789055829e+02
1.154045807748736365e+02
1.717432212139324861e+02
1.870450741726892261e+02
1.912183067978047006e+02
