6.000000000000000000e+00
9.166666666666666075e+00
2.600000000000000000e+01
4.050000000000000000e+01
4.200000000000000000e+01
5.800000000000000000e+01
6.440000000000000568e+01
6.900000000000000000e+01
6.933333333333332860e+01
6.900000000000000000e+01
7.050000000000000000e+01
7.933333333333332860e+01
8.166666666666667140e+01
8.225000000000000000e+01
9.400000000000000000e+01
9.400000000000000000e+01
9.500000000000000000e+01
9.500000000000000000e+01
9.600000000000000000e+01
1.035000000000000000e+02
1.072999999999999972e+02
1.070000000000000000e+02
1.065000000000000000e+02
1.085999999999999943e+02
1.100000000000000000e+02
1.100000000000000000e+02
1.100000000000000000e+02
1.113333333333333286e+02
1.115999999999999943e+02
1.110000000000000000e+02
1.130000000000000000e+02
1.135000000000000000e+02
1.142000000000000028e+02
1.147999999999999972e+02
1.150000000000000000e+02
1.146666666666666714e+02
1.142500000000000000e+02
1.140000000000000000e+02
1.290000000000000000e+02
1.293333333333333428e+02
1.340000000000000000e+02
1.405999999999999943e+02
1.676666666666666572e+02
1.730000000000000000e+02
1.735000000000000000e+02
1.860000000000000000e+02
1.860000000000000000e+02
1.920000000000000000e+02
1.950000000000000000e+02
2.150000000000000000e+02
2.162500000000000000e+02
2.260000000000000000e+02
2.290000000000000000e+02
2.283333333333333428e+02
2.292500000000000000e+02
2.380000000000000000e+02
2.400000000000000000e+02
2.430000000000000000e+02
2.462500000000000000e+02
2.497500000000000000e+02
2.532500000000000000e+02
2.540000000000000000e+02
2.543333333333333428e+02
9.801611150355918767e+01
1.049714992120849502e+02
1.112313481497581620e+02
1.077536542954952665e+02
