1.000000000000000000e+00
6.166666666666666963e+00
1.050000000000000000e+01
2.500000000000000000e+01
4.025000000000000000e+01
4.050000000000000000e+01
5.700000000000000000e+01
7.000000000000000000e+01
7.020000000000000284e+01
7.016666666666667140e+01
7.125000000000000000e+01
7.800000000000000000e+01
8.100000000000000000e+01
8.200000000000000000e+01
9.050000000000000000e+01
9.400000000000000000e+01
9.350000000000000000e+01
9.500000000000000000e+01
9.475000000000000000e+01
9.600000000000000000e+01
9.533333333333332860e+01
1.068333333333333286e+02
1.067999999999999972e+02
1.070000000000000000e+02
1.105000000000000000e+02
1.092500000000000000e+02
1.096666666666666714e+02
1.093333333333333286e+02
1.110000000000000000e+02
1.110000000000000000e+02
1.106666666666666714e+02
1.126666666666666714e+02
1.138571428571428612e+02
1.135000000000000000e+02
1.140000000000000000e+02
1.150000000000000000e+02
1.152000000000000028e+02
1.280000000000000000e+02
1.294000000000000057e+02
1.350000000000000000e+02
1.370000000000000000e+02
1.620000000000000000e+02
1.705000000000000000e+02
1.730000000000000000e+02
1.813333333333333428e+02
1.841666666666666572e+02
1.860000000000000000e+02
1.870000000000000000e+02
1.925000000000000000e+02
2.150000000000000000e+02
2.188333333333333428e+02
2.240000000000000000e+02
2.270000000000000000e+02
2.270000000000000000e+02
2.274000000000000057e+02
2.361999999999999886e+02
2.380000000000000000e+02
2.392500000000000000e+02
2.430000000000000000e+02
2.470000000000000000e+02
2.514000000000000057e+02
2.540000000000000000e+02
1.070581155246426874e+02
