1.666666666666666741e+00
5.500000000000000000e+00
9.250000000000000000e+00
2.500000000000000000e+01
2.900000000000000000e+01
4.000000000000000000e+01
5.700000000000000000e+01
6.900000000000000000e+01
6.900000000000000000e+01
7.325000000000000000e+01
7.350000000000000000e+01
8.042857142857143060e+01
8.200000000000000000e+01
8.225000000000000000e+01
9.400000000000000000e+01
9.500000000000000000e+01
9.575000000000000000e+01
9.600000000000000000e+01
9.900000000000000000e+01
1.060000000000000000e+02
1.078333333333333286e+02
1.082000000000000028e+02
1.090000000000000000e+02
1.086666666666666714e+02
1.100000000000000000e+02
1.100000000000000000e+02
1.097999999999999972e+02
1.105714285714285694e+02
1.110000000000000000e+02
1.100000000000000000e+02
1.130000000000000000e+02
1.137999999999999972e+02
1.290000000000000000e+02
1.290000000000000000e+02
1.303333333333333428e+02
1.341999999999999886e+02
1.586666666666666572e+02
1.660000000000000000e+02
1.740000000000000000e+02
1.781999999999999886e+02
1.850000000000000000e+02
1.880000000000000000e+02
1.881999999999999886e+02
1.923333333333333428e+02
2.150000000000000000e+02
2.153333333333333428e+02
2.240000000000000000e+02
2.250000000000000000e+02
2.268333333333333428e+02
2.310000000000000000e+02
2.330000000000000000e+02
2.390000000000000000e+02
2.400000000000000000e+02
2.430000000000000000e+02
2.460000000000000000e+02
2.475000000000000000e+02
2.550000000000000000e+02
2.550000000000000000e+02
2.550000000000000000e+02
1.119268869206107411e+02
1.035804216703797920e+02
1.077536542954952665e+02
1.091447318372004247e+02
1.133179644623158993e+02
1.133179644623158993e+02
1.084491930663478456e+02
1.070581155246426874e+02
