6.000000000000000000e+00
2.300000000000000000e+01
2.600000000000000000e+01
4.025000000000000000e+01
5.700000000000000000e+01
6.500000000000000000e+01
6.850000000000000000e+01
7.200000000000000000e+01
7.900000000000000000e+01
8.175000000000000000e+01
8.200000000000000000e+01
8.266666666666667140e+01
8.300000000000000000e+01
9.179999999999999716e+01
9.400000000000000000e+01
9.500000000000000000e+01
9.550000000000000000e+01
1.050000000000000000e+02
1.046666666666666714e+02
1.065000000000000000e+02
1.080000000000000000e+02
1.095000000000000000e+02
1.090000000000000000e+02
1.100000000000000000e+02
1.100000000000000000e+02
1.095000000000000000e+02
1.110000000000000000e+02
1.110000000000000000e+02
1.122857142857142918e+02
1.120000000000000000e+02
1.115000000000000000e+02
1.130000000000000000e+02
1.143333333333333286e+02
1.160000000000000000e+02
1.160000000000000000e+02
1.285000000000000000e+02
1.290000000000000000e+02
1.300000000000000000e+02
1.540000000000000000e+02
1.673333333333333428e+02
1.740000000000000000e+02
1.850000000000000000e+02
1.850000000000000000e+02
1.860000000000000000e+02
1.918333333333333428e+02
1.960000000000000000e+02
1.970000000000000000e+02
2.093333333333333428e+02
2.144000000000000057e+02
2.273333333333333428e+02
2.275000000000000000e+02
2.360000000000000000e+02
2.402500000000000000e+02
2.430000000000000000e+02
2.426666666666666572e+02
2.435000000000000000e+02
2.442500000000000000e+02
2.506666666666666572e+02
1.112313481497581620e+02
1.154045807748736365e+02
9.314734010759113403e+01
5.509454980166253790e+00
-5.485518665437894015e-02
2.197353964027603865e+02
