0.000000000000000000e+00
4.666666666666666963e+00
5.333333333333333037e+00
1.150000000000000000e+01
2.300000000000000000e+01
3.066666666666666785e+01
5.000000000000000000e+01
6.400000000000000000e+01
6.640000000000000568e+01
7.000000000000000000e+01
7.600000000000000000e+01
8.100000000000000000e+01
8.150000000000000000e+01
8.600000000000000000e+01
9.400000000000000000e+01
9.400000000000000000e+01
9.500000000000000000e+01
9.500000000000000000e+01
9.575000000000000000e+01
9.625000000000000000e+01
1.067999999999999972e+02
1.070000000000000000e+02
1.080000000000000000e+02
1.090000000000000000e+02
1.090000000000000000e+02
1.083333333333333286e+02
1.100000000000000000e+02
1.095000000000000000e+02
1.090000000000000000e+02
1.105000000000000000e+02
1.110000000000000000e+02
1.123333333333333286e+02
1.124000000000000057e+02
1.143333333333333286e+02
1.140000000000000000e+02
1.143333333333333286e+02
1.160000000000000000e+02
1.150000000000000000e+02
1.170000000000000000e+02
1.185000000000000000e+02
1.240000000000000000e+02
1.280000000000000000e+02
1.290000000000000000e+02
1.715000000000000000e+02
1.773333333333333428e+02
1.840000000000000000e+02
1.830000000000000000e+02
1.840000000000000000e+02
1.855000000000000000e+02
1.920000000000000000e+02
1.922500000000000000e+02
1.930000000000000000e+02
2.090000000000000000e+02
2.110000000000000000e+02
2.195000000000000000e+02
2.230000000000000000e+02
2.313333333333333428e+02
2.345000000000000000e+02
2.400000000000000000e+02
2.400000000000000000e+02
2.421666666666666572e+02
2.426666666666666572e+02
2.440000000000000000e+02
2.450000000000000000e+02
2.495000000000000000e+02
2.545000000000000000e+02
2.550000000000000000e+02
2.550000000000000000e+02
5.906594033581478698e+01
3.541762212682709787e+01
1.049714992120849502e+02
6.810794435689831516e+01
