0.000000000000000000e+00
1.500000000000000000e+00
2.000000000000000000e+00
8.333333333333333925e+00
1.050000000000000000e+01
2.350000000000000000e+01
2.550000000000000000e+01
3.800000000000000000e+01
5.000000000000000000e+01
5.400000000000000000e+01
5.900000000000000000e+01
6.100000000000000000e+01
6.200000000000000000e+01
6.700000000000000000e+01
7.400000000000000000e+01
7.533333333333332860e+01
8.279999999999999716e+01
8.900000000000000000e+01
9.100000000000000000e+01
9.400000000000000000e+01
9.500000000000000000e+01
9.500000000000000000e+01
1.071666666666666714e+02
1.077999999999999972e+02
1.080000000000000000e+02
1.086666666666666714e+02
1.086666666666666714e+02
1.094000000000000057e+02
1.103333333333333286e+02
1.105000000000000000e+02
1.100000000000000000e+02
1.112500000000000000e+02
1.115000000000000000e+02
1.120000000000000000e+02
1.125000000000000000e+02
1.140000000000000000e+02
1.135999999999999943e+02
1.145000000000000000e+02
1.157999999999999972e+02
1.150000000000000000e+02
1.168333333333333286e+02
1.170000000000000000e+02
1.160000000000000000e+02
1.290000000000000000e+02
1.291999999999999886e+02
1.455000000000000000e+02
1.710000000000000000e+02
1.738571428571428612e+02
1.790000000000000000e+02
1.830000000000000000e+02
1.840000000000000000e+02
1.855000000000000000e+02
1.885000000000000000e+02
1.905000000000000000e+02
1.960000000000000000e+02
2.110000000000000000e+02
2.187500000000000000e+02
2.280000000000000000e+02
2.285999999999999943e+02
2.291999999999999886e+02
2.300000000000000000e+02
2.350000000000000000e+02
2.398333333333333428e+02
2.400000000000000000e+02
2.392500000000000000e+02
2.430000000000000000e+02
2.425000000000000000e+02
2.510000000000000000e+02
2.530000000000000000e+02
2.537500000000000000e+02
2.550000000000000000e+02
1.119268869206107411e+02
1.147090420040210574e+02
9.314734010759113403e+01
9.175626256588597585e+01
