1.050000000000000000e+02
1.450000000000000000e+02
5.700000000000000000e+01
1.300000000000000000e+02
1.666666666666666741e+00
5.300000000000000000e+01
1.410000000000000000e+02
1.950000000000000000e+02
2.222500000000000000e+02
2.100000000000000000e+02
1.390000000000000000e+02
1.765000000000000000e+02
2.075000000000000000e+02
2.060000000000000142e+01
5.883333333333333570e+01
2.440000000000000000e+02
7.750000000000000000e+01
1.623333333333333428e+02
1.720000000000000000e+02
1.750000000000000000e+02
2.114285714285714164e+02
1.710000000000000000e+02
1.865000000000000000e+02
1.946666666666666572e+02
1.350000000000000000e+01
1.280000000000000000e+02
2.253333333333333428e+02
2.030000000000000000e+02
1.067500000000000000e+02
1.803333333333333428e+02
2.150000000000000000e+02
1.660000000000000000e+02
1.810000000000000000e+02
4.800000000000000000e+01
3.625000000000000000e+01
1.200000000000000000e+01
4.133333333333333570e+01
9.900000000000000000e+01
1.550000000000000000e+02
1.540000000000000000e+02
1.215000000000000000e+02
1.335000000000000000e+02
1.073333333333333286e+02
6.000000000000000000e+01
7.700000000000000000e+01
1.620000000000000000e+02
6.500000000000000000e+01
2.260000000000000000e+02
9.900000000000000000e+01
1.950000000000000000e+01
1.080000000000000000e+02
7.394351464435146681e+01
6.768366570667825499e+01
1.796654078139434034e+02
2.325263543987393575e+02
2.353085094821496739e+02
9.272306145737110228e+01
1.365420040210835282e+02
6.490151062326793863e+01
1.400196978753464236e+02
1.428018529587567400e+02
1.108070694995381302e+02
