1.080000000000000000e+02
1.083333333333333286e+02
1.445000000000000000e+02
5.575000000000000000e+01
7.466666666666667140e+01
5.000000000000000000e+00
6.640000000000000568e+01
5.700000000000000000e+01
1.390000000000000000e+02
1.493333333333333428e+02
1.940000000000000000e+02
2.220000000000000000e+02
1.410000000000000000e+02
2.113333333333333428e+02
1.770000000000000000e+02
1.975000000000000000e+01
6.000000000000000000e+01
7.700000000000000000e+01
1.660000000000000000e+02
1.910000000000000000e+02
2.287500000000000000e+02
1.700000000000000000e+01
6.950000000000000000e+01
2.090000000000000000e+02
2.168333333333333428e+02
1.040000000000000000e+02
1.670000000000000000e+02
1.885000000000000000e+02
4.800000000000000000e+01
3.600000000000000000e+01
1.250000000000000000e+01
8.599999999999999645e+00
9.750000000000000000e+01
1.290000000000000000e+02
1.330000000000000000e+02
5.400000000000000000e+01
7.900000000000000000e+01
1.460000000000000000e+02
1.640000000000000000e+02
6.400000000000000000e+01
9.900000000000000000e+01
2.260000000000000000e+02
2.000000000000000000e+01
1.101115307286855511e+02
9.272306145737110228e+01
1.365420040210835282e+02
1.400196978753464236e+02
1.428018529587567400e+02
1.845341792099114571e+02
1.845341792099114571e+02
2.102691137314568834e+02
2.346129707112970948e+02
2.339174319404445157e+02
2.332218931695919366e+02
2.443505135032332021e+02
1.295866163125577657e+02
1.288910775417051866e+02
1.309776938542628955e+02
3.986211487257511976e+01
1.567126283758082934e+02
1.518438569798402682e+02
