1.415000000000000000e+02
1.368333333333333428e+02
1.070000000000000000e+02
1.095000000000000000e+02
1.410000000000000000e+02
5.500000000000000000e+01
7.720000000000000284e+01
1.250000000000000000e+02
2.333333333333333481e+00
1.360000000000000000e+02
5.850000000000000000e+01
6.366666666666666430e+01
1.356666666666666572e+02
1.490000000000000000e+02
1.940000000000000000e+02
2.127500000000000000e+02
1.780000000000000000e+02
2.200000000000000000e+02
1.390000000000000000e+02
2.450000000000000000e+01
1.890000000000000000e+02
2.105000000000000000e+02
2.340000000000000000e+02
7.520000000000000284e+01
1.250000000000000000e+02
1.702500000000000000e+02
2.300000000000000000e+02
1.623333333333333428e+02
2.248000000000000114e+02
2.415000000000000000e+02
9.900000000000000000e+01
1.785000000000000000e+02
2.118000000000000114e+02
1.660000000000000142e+01
1.390000000000000000e+02
1.843333333333333428e+02
2.200000000000000000e+02
2.330000000000000000e+02
2.000000000000000000e+02
1.666666666666666572e+02
4.600000000000000000e+01
3.800000000000000000e+01
1.333333333333333393e+01
3.800000000000000000e+01
9.500000000000000000e+00
9.700000000000000000e+01
1.550000000000000000e+02
1.545000000000000000e+02
1.355000000000000000e+02
1.360000000000000000e+02
9.100000000000000000e+01
5.200000000000000000e+01
8.900000000000000000e+01
1.613333333333333428e+02
1.110000000000000000e+02
7.100000000000000000e+01
1.740000000000000000e+02
2.260000000000000000e+02
1.080000000000000000e+02
9.700000000000000000e+01
1.900000000000000000e+01
1.190000000000000000e+02
8.866666666666667140e+01
6.281489431071020135e+01
6.559704939412051772e+01
6.907474324838341317e+01
2.193111177525404116e+02
