1.410000000000000000e+02
1.440000000000000000e+02
1.385000000000000000e+02
1.060000000000000000e+02
1.180000000000000000e+02
1.285000000000000000e+02
5.500000000000000000e+01
9.000000000000000000e+00
5.539999999999999858e+01
1.261666666666666714e+02
7.800000000000000000e+01
6.400000000000000000e+01
1.580000000000000000e+02
1.380000000000000000e+02
6.500000000000000000e+01
1.710000000000000000e+02
2.210000000000000000e+02
1.360000000000000000e+02
2.157500000000000000e+02
2.300000000000000000e+01
1.916666666666666572e+02
6.483333333333332860e+01
1.414000000000000057e+02
2.085000000000000000e+02
8.100000000000000000e+01
1.327500000000000000e+02
1.706666666666666572e+02
1.893333333333333428e+02
9.325000000000000000e+01
1.630000000000000000e+02
2.423333333333333428e+02
1.778333333333333428e+02
7.142857142857143060e+01
1.860000000000000000e+02
2.180000000000000000e+02
2.600000000000000000e+01
2.315999999999999943e+02
1.650000000000000000e+02
1.988000000000000114e+02
4.900000000000000000e+01
3.100000000000000000e+01
7.000000000000000000e+00
3.850000000000000000e+01
8.000000000000000000e+00
2.333333333333333481e+00
1.561666666666666572e+02
1.362500000000000000e+02
9.900000000000000000e+01
1.550000000000000000e+02
1.440000000000000000e+02
8.916666666666667140e+01
3.800000000000000000e+01
1.070000000000000000e+02
1.730000000000000000e+02
8.779999999999999716e+01
1.045999999999999943e+02
1.750000000000000000e+02
7.000000000000000000e+01
2.260000000000000000e+02
9.725000000000000000e+01
4.520000000000000284e+01
1.350000000000000000e+01
2.339174319404445157e+02
