1.383333333333333428e+02
1.455000000000000000e+02
1.390000000000000000e+02
1.070000000000000000e+02
1.370000000000000000e+02
1.220000000000000000e+02
5.200000000000000000e+01
7.000000000000000000e+00
1.350000000000000000e+02
5.200000000000000000e+01
7.400000000000000000e+01
6.342857142857143060e+01
1.650000000000000000e+02
1.340000000000000000e+02
2.190000000000000000e+02
1.340000000000000000e+02
1.630000000000000000e+02
1.960000000000000000e+02
2.200000000000000000e+01
2.070000000000000000e+02
9.783333333333332860e+01
1.744000000000000057e+02
1.905000000000000000e+02
2.273333333333333428e+02
8.100000000000000000e+01
1.510000000000000000e+02
1.995999999999999943e+02
2.441428571428571388e+02
1.320000000000000000e+02
2.205000000000000000e+02
1.630000000000000000e+02
1.875999999999999943e+02
1.640000000000000000e+02
1.830000000000000000e+02
5.466666666666666430e+01
3.039999999999999858e+01
9.666666666666666075e+00
4.200000000000000000e+01
1.000000000000000000e+01
8.599999999999999645e+00
1.560000000000000000e+02
9.800000000000000000e+01
1.334000000000000057e+02
1.550000000000000000e+02
1.627500000000000000e+02
9.533333333333332860e+01
1.820000000000000000e+02
1.090000000000000000e+02
8.983333333333332860e+01
4.200000000000000000e+01
1.100000000000000000e+02
7.300000000000000000e+01
1.690000000000000000e+02
2.260000000000000000e+02
1.010000000000000000e+02
4.350000000000000000e+01
9.000000000000000000e+00
9.950000000000000000e+01
2.430000000000000000e+02
2.803795576808127521e+01
6.420597185241535954e+01
6.977028201923599227e+01
1.831431016682062989e+02
2.318308156278867784e+02
2.353085094821496739e+02
2.353085094821496739e+02
2.408728196489703066e+02
