1.470000000000000000e+02
1.055000000000000000e+02
1.440000000000000000e+02
1.220000000000000000e+02
4.900000000000000000e+01
1.000000000000000000e+01
1.385000000000000000e+02
7.400000000000000000e+01
6.300000000000000000e+01
1.320000000000000000e+02
1.787500000000000000e+02
3.866666666666666430e+01
5.850000000000000000e+01
2.214000000000000057e+02
1.630000000000000000e+02
1.340000000000000000e+02
2.060000000000000000e+02
2.775000000000000000e+01
2.276666666666666572e+02
6.450000000000000000e+01
2.092500000000000000e+02
1.743333333333333428e+02
2.460000000000000000e+02
1.350000000000000000e+02
1.838000000000000114e+02
2.225000000000000000e+02
2.971428571428571530e+01
8.400000000000000000e+01
6.971428571428570820e+01
9.700000000000000000e+01
2.290000000000000000e+02
1.887500000000000000e+02
1.653333333333333428e+02
5.800000000000000000e+01
1.580000000000000000e+02
1.630000000000000000e+02
1.780000000000000000e+02
3.300000000000000000e+01
7.000000000000000000e+00
4.133333333333333570e+01
9.000000000000000000e+00
2.000000000000000000e+01
1.560000000000000000e+02
9.700000000000000000e+01
1.548333333333333428e+02
1.810000000000000000e+02
1.230000000000000000e+02
1.826666666666666572e+02
1.002000000000000028e+02
9.933333333333332860e+01
1.035000000000000000e+02
4.000000000000000000e+01
7.100000000000000000e+01
1.680000000000000000e+02
2.263333333333333428e+02
4.850000000000000000e+01
9.900000000000000000e+01
1.766666666666666785e+01
2.353085094821496739e+02
2.332218931695919366e+02
2.151378851274249371e+02
1.379330815627886864e+02
1.337598489376732118e+02
1.066338368744226557e+02
