1.330000000000000000e+02
1.466666666666666572e+02
1.666666666666666741e+00
1.545000000000000000e+02
1.050000000000000000e+02
4.333333333333333037e+00
4.675000000000000000e+01
1.600000000000000000e+01
6.220000000000000284e+01
4.300000000000000000e+01
6.625000000000000000e+01
2.180000000000000000e+02
1.875000000000000000e+02
1.217500000000000000e+02
1.960000000000000000e+02
2.110000000000000000e+02
1.390000000000000000e+02
1.700000000000000000e+02
8.000000000000000000e+00
3.800000000000000000e+01
2.114000000000000057e+02
2.260000000000000000e+02
1.740000000000000000e+02
3.800000000000000000e+01
1.341999999999999886e+02
2.543333333333333428e+02
2.700000000000000000e+01
1.825000000000000000e+02
2.060000000000000000e+02
7.300000000000000000e+01
8.950000000000000000e+01
9.533333333333332860e+01
2.221999999999999886e+02
1.906666666666666572e+02
2.280000000000000000e+02
2.376666666666666572e+02
1.672500000000000000e+02
2.465000000000000000e+02
1.592500000000000000e+02
5.050000000000000000e+01
2.100000000000000000e+01
1.690000000000000000e+02
1.570000000000000000e+02
4.450000000000000000e+01
5.666666666666666963e+00
9.975000000000000000e+01
1.820000000000000000e+02
1.882500000000000000e+02
1.570000000000000000e+02
1.900000000000000000e+01
1.550000000000000000e+02
1.950000000000000000e+02
1.390000000000000000e+02
1.160000000000000000e+02
1.055000000000000000e+02
1.130000000000000000e+02
1.046666666666666714e+02
4.650000000000000000e+01
7.000000000000000000e+01
9.425000000000000000e+01
5.383333333333333570e+01
2.263333333333333428e+02
1.670000000000000000e+02
2.600000000000000000e+01
1.550000000000000000e+01
1.085000000000000000e+02
7.850000000000000000e+01
2.460000000000000000e+02
1.497572406672825309e+02
1.226312286040319748e+02
6.420597185241535954e+01
7.603013095690920409e+01
