4.000000000000000000e+00
1.260000000000000000e+02
1.360000000000000000e+02
1.486666666666666572e+02
1.575000000000000000e+02
1.025000000000000000e+02
1.050000000000000000e+01
1.240000000000000000e+02
4.700000000000000000e+01
1.660000000000000000e+02
6.600000000000000000e+01
4.700000000000000000e+01
2.000000000000000000e+01
8.600000000000000000e+01
2.140000000000000000e+02
6.533333333333332860e+01
2.054000000000000057e+02
6.750000000000000000e+00
1.210000000000000000e+02
5.100000000000000000e+01
1.420000000000000000e+02
2.200000000000000000e+02
2.088333333333333428e+02
2.234000000000000057e+02
6.650000000000000000e+01
8.966666666666667140e+01
1.726666666666666572e+02
4.420000000000000284e+01
2.266666666666666785e+01
2.045000000000000000e+02
2.240000000000000000e+02
2.282500000000000000e+02
1.235000000000000000e+02
9.000000000000000000e+01
1.675000000000000000e+02
1.940000000000000000e+02
2.431999999999999886e+02
2.185000000000000000e+02
9.300000000000000000e+01
2.515000000000000000e+02
2.483333333333333215e+01
1.417500000000000000e+02
2.315000000000000000e+02
1.640000000000000000e+02
1.514000000000000057e+02
0.000000000000000000e+00
4.625000000000000000e+01
2.035714285714285836e+02
2.080000000000000000e+02
1.000000000000000000e+02
3.000000000000000000e+00
1.565000000000000000e+02
1.155000000000000000e+02
1.550000000000000000e+02
5.000000000000000000e+00
3.250000000000000000e+00
1.540000000000000000e+02
1.150000000000000000e+02
5.720000000000000284e+01
1.045999999999999943e+02
2.510000000000000000e+02
9.600000000000000000e+01
3.016666666666666785e+01
6.300000000000000000e+01
8.600000000000000000e+01
1.690000000000000000e+02
2.265000000000000000e+02
8.725000000000000000e+01
1.070000000000000000e+02
2.330000000000000000e+02
3.000000000000000000e+00
1.900984893767320898e+02
1.838386404390588780e+02
1.873163342933217734e+02
1.803609465847959825e+02
